8615 2 0 8429
0 0 
1 1 
2 2 
3 0 
4 3 
5 4 
6 0 
7 1 
8 2 
9 2 
10 3 
11 5 
12 0 
13 1 
14 2 
15 6 
16 7 
17 8 
18 0 
19 1 
20 2 
21 6 
22 7 
23 9 
24 1 
25 2 
26 10 
27 3 
28 8 
29 0 
30 1 
31 2 
32 10 
33 7 
34 9 
35 0 
36 1 
37 2 
38 10 
39 7 
40 11 
41 0 
42 1 
43 2 
44 0 
45 12 
46 8 
47 0 
48 13 
49 2 
50 14 
51 3 
52 15 
53 0 
54 1 
55 2 
56 14 
57 7 
58 8 
59 0 
60 1 
61 2 
62 6 
63 7 
64 16 
65 0 
66 0 
67 2 
68 10 
69 12 
70 9 
71 1 
72 2 
73 10 
74 12 
75 17 
76 0 
77 1 
78 2 
79 10 
80 7 
81 18 
82 0 
83 1 
84 2 
85 10 
86 7 
87 9 
88 0 
89 1 
90 2 
91 14 
92 12 
93 9 
94 0 
95 1 
96 14 
97 3 
98 2 
99 2 
100 3 
101 18 
102 0 
103 5 
104 7 
105 9 
106 0 
107 2 
108 19 
109 9 
110 1 
111 20 
112 8 
113 7 
114 12 
115 21 
116 0 
117 1 
118 2 
119 22 
120 23 
121 9 
122 0 
123 0 
124 6 
125 9 
126 1 
127 10 
128 0 
129 2 
130 10 
131 24 
132 21 
133 2 
134 10 
135 21 
136 1 
137 10 
138 9 
139 2 
140 21 
141 0 
142 1 
143 22 
144 2 
145 7 
146 2 
147 25 
148 1 
149 10 
150 0 
151 7 
152 26 
153 0 
154 8 
155 0 
156 9 
157 0 
158 1 
159 0 
160 21 
161 21 
162 0 
163 0 
164 11 
165 0 
166 0 
167 5 
168 2 
169 27 
170 3 
171 8 
172 0 
173 2 
174 20 
175 7 
176 21 
177 21 
178 10 
179 26 
180 0 
181 20 
182 7 
183 2 
184 28 
185 1 
186 2 
187 2 
188 29 
189 1 
190 21 
191 7 
192 8 
193 27 
194 7 
195 0 
196 1 
197 27 
198 0 
199 3 
200 0 
201 1 
202 7 
203 25 
204 2 
205 7 
206 0 
207 30 
208 31 
209 16 
210 0 
211 2 
212 8 
213 0 
214 12 
215 0 
216 2 
217 32 
218 8 
219 0 
220 1 
221 2 
222 0 
223 6 
224 21 
225 0 
226 3 
227 21 
228 0 
229 21 
230 26 
231 0 
232 0 
233 1 
234 33 
235 14 
236 34 
237 18 
238 0 
239 2 
240 2 
241 7 
242 21 
243 35 
244 14 
245 20 
246 21 
247 0 
248 10 
249 7 
250 8 
251 0 
252 2 
253 36 
254 21 
255 0 
256 1 
257 10 
258 8 
259 0 
260 1 
261 37 
262 21 
263 0 
264 0 
265 12 
266 21 
267 0 
268 1 
269 2 
270 14 
271 7 
272 21 
273 0 
274 2 
275 21 
276 30 
277 1 
62 38 
278 21 
279 0 
280 0 
281 8 
282 0 
283 1 
284 30 
285 10 
286 24 
287 21 
288 0 
289 1 
290 2 
291 21 
292 0 
293 1 
294 10 
295 7 
296 21 
297 0 
298 2 
91 27 
299 21 
300 0 
301 1 
302 39 
5 40 
5 40 
303 0 
7 1 
304 2 
305 27 
306 21 
307 0 
13 1 
308 2 
309 6 
310 41 
311 0 
312 1 
313 2 
314 21 
315 0 
316 33 
317 10 
318 8 
319 0 
320 2 
321 7 
322 0 
38 6 
323 7 
324 1 
325 2 
326 13 
327 33 
328 42 
329 3 
330 0 
220 1 
331 43 
332 14 
333 23 
334 21 
335 0 
60 1 
336 2 
337 7 
338 0 
339 2 
340 10 
341 12 
342 21 
343 0 
344 13 
345 3 
346 8 
347 0 
348 1 
349 10 
350 12 
351 1 
352 2 
353 10 
354 35 
89 1 
355 14 
356 14 
357 5 
358 0 
359 3 
13 44 
360 0 
361 0 
362 2 
363 40 
364 0 
365 2 
366 21 
367 10 
368 21 
369 0 
370 21 
371 0 
54 1 
372 1 
373 38 
374 45 
375 1 
376 10 
377 0 
378 10 
379 12 
380 26 
381 0 
382 21 
383 1 
384 12 
385 0 
2 33 
386 0 
387 2 
388 21 
389 0 
390 0 
391 0 
392 33 
393 31 
394 8 
395 0 
396 21 
397 7 
398 40 
399 0 
400 21 
401 0 
402 1 
403 0 
404 0 
405 21 
406 0 
407 1 
408 7 
409 9 
410 0 
411 0 
412 46 
413 3 
414 21 
415 0 
416 8 
417 0 
418 8 
419 1 
420 14 
421 21 
422 1 
423 21 
424 0 
425 1 
426 8 
427 1 
428 2 
429 7 
430 8 
431 0 
432 1 
433 1 
434 2 
435 40 
436 0 
437 0 
438 1 
439 3 
440 26 
54 1 
441 2 
442 14 
443 3 
444 8 
445 0 
446 6 
447 21 
448 0 
449 0 
450 0 
451 30 
452 0 
453 1 
454 1 
455 0 
456 14 
457 0 
458 1 
459 2 
460 30 
461 12 
462 47 
463 0 
464 6 
465 29 
466 0 
467 10 
468 0 
469 1 
470 2 
471 10 
472 1 
473 10 
474 47 
475 1 
476 10 
477 7 
478 16 
479 1 
480 2 
481 0 
482 48 
483 0 
484 14 
485 49 
486 21 
487 47 
488 8 
489 0 
490 1 
491 6 
492 43 
493 12 
494 0 
495 1 
496 2 
497 7 
498 2 
499 10 
500 21 
501 50 
502 51 
503 2 
504 33 
505 7 
506 0 
507 0 
28 40 
508 20 
509 21 
510 2 
511 21 
512 0 
513 1 
514 2 
515 1 
516 9 
517 2 
518 21 
519 1 
520 7 
521 2 
522 14 
88 0 
523 14 
524 21 
525 21 
526 2 
527 8 
528 1 
529 52 
530 2 
531 3 
532 53 
533 10 
534 8 
535 35 
536 1 
537 2 
538 21 
539 0 
540 27 
541 8 
542 1 
543 2 
544 6 
545 7 
546 21 
547 1 
548 1 
549 54 
550 10 
76 55 
551 10 
552 21 
553 2 
554 2 
555 7 
556 47 
557 2 
558 12 
559 12 
560 29 
561 12 
562 0 
563 1 
564 2 
565 27 
566 7 
567 9 
568 0 
569 1 
570 2 
571 10 
572 3 
573 9 
574 0 
575 1 
576 2 
577 10 
578 7 
579 9 
580 0 
581 1 
582 2 
583 10 
584 12 
585 9 
586 56 
587 1 
588 2 
589 10 
590 57 
591 53 
35 0 
592 1 
593 2 
594 10 
595 7 
596 21 
597 0 
598 1 
599 2 
600 10 
601 7 
602 58 
603 0 
604 1 
605 0 
606 0 
607 0 
608 9 
609 0 
610 13 
611 2 
612 59 
613 60 
614 8 
615 0 
616 1 
617 2 
618 27 
619 20 
620 21 
621 0 
622 1 
623 2 
624 7 
625 21 
626 0 
627 1 
628 2 
629 7 
630 61 
631 1 
632 62 
633 10 
634 32 
635 21 
636 0 
637 1 
638 2 
639 10 
640 20 
641 21 
642 0 
643 1 
644 2 
645 10 
646 7 
647 0 
648 1 
649 2 
650 7 
651 21 
652 0 
653 2 
654 14 
655 7 
656 9 
657 0 
658 3 
659 21 
660 0 
661 1 
662 8 
663 2 
664 12 
665 61 
666 1 
667 2 
668 10 
669 3 
670 9 
671 0 
672 2 
673 0 
674 1 
675 0 
676 1 
677 0 
678 10 
679 0 
680 13 
681 63 
682 3 
683 0 
684 1 
685 27 
686 64 
687 59 
688 6 
689 5 
690 1 
691 10 
692 21 
693 56 
694 1 
695 2 
696 9 
697 1 
698 21 
699 0 
700 21 
701 2 
702 7 
703 0 
704 1 
705 2 
706 12 
707 0 
708 2 
709 2 
710 64 
711 0 
712 2 
713 6 
714 7 
715 0 
716 1 
717 12 
718 21 
719 0 
720 27 
721 3 
722 9 
723 0 
724 2 
725 45 
726 0 
727 12 
728 0 
729 1 
730 0 
731 64 
732 0 
733 2 
734 7 
735 0 
736 2 
737 7 
738 0 
739 30 
740 49 
741 0 
742 2 
743 7 
744 0 
745 1 
746 21 
747 14 
748 0 
749 20 
750 21 
751 0 
752 1 
753 23 
754 65 
755 10 
756 2 
757 41 
758 56 
759 2 
760 21 
761 0 
762 0 
763 41 
764 0 
765 0 
766 59 
767 21 
768 1 
769 2 
770 40 
771 0 
772 2 
773 59 
774 64 
775 21 
776 1 
777 45 
778 1 
779 21 
780 2 
781 10 
782 66 
783 21 
784 61 
785 0 
786 2 
787 10 
788 8 
789 0 
790 7 
791 0 
792 1 
793 14 
794 67 
795 1 
796 12 
797 21 
798 1 
799 2 
800 6 
801 12 
802 1 
803 10 
804 21 
805 1 
806 30 
807 10 
808 7 
809 21 
810 1 
811 2 
812 10 
813 7 
814 8 
815 1 
816 2 
817 10 
818 7 
819 0 
820 1 
821 0 
822 0 
823 12 
824 8 
825 0 
826 1 
827 2 
828 27 
829 39 
830 16 
831 1 
832 2 
833 10 
834 7 
835 8 
836 0 
837 1 
838 2 
839 6 
840 7 
841 26 
842 0 
843 1 
844 2 
845 10 
846 12 
847 21 
848 1 
849 33 
850 3 
851 8 
852 1 
853 2 
854 10 
855 52 
856 1 
857 10 
858 0 
859 1 
860 2 
861 21 
862 27 
863 3 
864 7 
865 7 
866 2 
867 10 
868 0 
869 12 
870 8 
871 2 
872 66 
873 21 
874 1 
875 1 
876 21 
877 3 
878 8 
879 35 
880 1 
881 33 
882 14 
883 67 
884 8 
885 0 
886 1 
887 2 
888 14 
889 3 
890 21 
891 68 
892 1 
799 2 
893 14 
894 12 
895 8 
896 0 
897 1 
898 2 
803 10 
899 12 
900 8 
901 0 
902 1 
903 30 
904 10 
905 54 
906 21 
907 69 
908 1 
909 70 
910 10 
911 71 
912 8 
913 0 
914 13 
915 0 
916 10 
917 8 
918 0 
919 1 
920 0 
921 0 
922 12 
923 72 
924 73 
925 74 
926 42 
927 3 
928 21 
929 0 
930 1 
931 2 
932 14 
933 50 
934 75 
935 2 
936 14 
937 12 
938 29 
939 0 
940 1 
941 2 
942 10 
943 12 
944 21 
945 0 
946 2 
947 10 
948 36 
949 17 
950 76 
951 1 
952 2 
953 10 
954 71 
955 8 
956 68 
957 1 
958 2 
959 10 
960 12 
961 29 
962 0 
963 1 
964 2 
965 12 
966 60 
967 21 
968 3 
969 21 
970 0 
971 77 
972 12 
973 9 
974 0 
975 12 
976 78 
977 14 
978 0 
979 1 
980 64 
981 21 
982 0 
983 1 
984 43 
985 7 
986 29 
987 0 
988 2 
989 21 
990 0 
991 46 
992 10 
993 79 
994 80 
995 0 
996 1 
997 10 
998 52 
999 18 
1000 40 
1001 0 
1002 64 
1003 21 
1004 7 
1005 65 
29 0 
1006 9 
1007 18 
1008 21 
1009 43 
1010 0 
1011 0 
1012 1 
1013 27 
1014 3 
1015 47 
1016 2 
1017 7 
1018 7 
1019 7 
171 81 
1020 2 
1021 7 
1022 21 
1023 77 
1024 2 
1025 57 
1026 21 
1027 0 
1028 2 
1029 0 
1030 10 
1031 7 
1032 21 
1033 12 
1034 21 
1035 1 
1036 8 
1037 0 
1038 10 
840 7 
1039 1 
1040 30 
1041 3 
1042 0 
1043 1 
1044 9 
1045 1 
1046 2 
1047 7 
1048 64 
1049 6 
589 10 
1050 18 
594 10 
1051 64 
1052 21 
598 1 
1053 7 
1054 0 
1055 12 
326 1 
1056 59 
1057 59 
1058 21 
1059 50 
1060 77 
1061 12 
1062 2 
1063 8 
1064 0 
1065 1 
1066 2 
1067 0 
1068 8 
1069 7 
1070 77 
1071 27 
1072 1 
1073 7 
1074 41 
1075 2 
1076 0 
1077 2 
1078 0 
1079 21 
1080 7 
1081 0 
1082 0 
1083 13 
1084 27 
1085 6 
1086 30 
1087 21 
1088 0 
1089 2 
1090 0 
1091 1 
504 2 
1092 59 
1093 7 
1094 27 
1095 10 
1096 21 
1097 1 
1098 82 
1099 32 
1100 2 
1101 21 
1102 2 
1103 24 
1104 2 
1105 9 
1106 14 
1107 40 
1108 8 
1109 3 
1110 21 
1111 0 
1112 1 
1113 1 
1114 2 
1115 0 
1116 12 
1117 1 
1118 21 
1119 2 
1120 50 
1121 0 
1122 2 
1123 1 
1124 0 
1125 21 
1126 0 
1127 2 
1128 83 
1129 0 
1130 84 
1131 57 
1132 0 
1133 10 
1134 0 
1135 10 
328 82 
1136 7 
1137 40 
1138 1 
1139 85 
1140 7 
1141 0 
1142 0 
1143 56 
1144 2 
1145 3 
1146 0 
1147 8 
1148 2 
1149 7 
1150 0 
1151 86 
1152 41 
1153 0 
1154 8 
1155 0 
1156 0 
1157 7 
1158 8 
1159 61 
1160 14 
1161 59 
1162 0 
1163 8 
1164 0 
1165 21 
1166 2 
1167 7 
1168 21 
1169 0 
1170 2 
1171 83 
1172 0 
1173 18 
1174 1 
1175 33 
1176 14 
1177 87 
1178 27 
1179 6 
1180 50 
1181 0 
1182 10 
1183 77 
507 0 
1184 86 
1185 31 
1186 65 
1187 21 
1188 0 
1189 3 
1190 8 
1191 13 
1192 2 
1193 8 
1194 6 
1195 12 
1196 2 
1197 54 
1198 21 
1199 10 
1200 21 
1201 10 
1202 11 
1203 2 
1204 2 
1205 21 
1206 2 
1207 6 
1208 7 
206 0 
1209 86 
1210 24 
1211 9 
1212 1 
1213 45 
1214 1 
1215 7 
925 2 
1216 88 
1217 2 
1218 64 
936 6 
1219 89 
1220 0 
1221 7 
1222 21 
1223 8 
1224 7 
1225 8 
1226 20 
1227 0 
1228 1 
1229 56 
1230 19 
1231 58 
1232 0 
1233 59 
1234 21 
1235 0 
1236 0 
1237 12 
1238 61 
1239 10 
1240 1 
1241 0 
1242 2 
1243 27 
1244 90 
1245 77 
1246 2 
1247 0 
1248 7 
1249 40 
1250 7 
1251 21 
1252 86 
1253 7 
1254 91 
1255 1 
1256 1 
1257 2 
1258 6 
1259 2 
1260 0 
1261 92 
1262 21 
1263 84 
1264 88 
1265 9 
1266 21 
1267 0 
1268 59 
1269 58 
1270 1 
1271 2 
1272 86 
1273 7 
1274 21 
1275 93 
1276 1 
1277 10 
1278 3 
1279 10 
1280 0 
1281 2 
1282 10 
1283 7 
1284 1 
1285 14 
1286 0 
1287 1 
1288 2 
1289 83 
1290 0 
1291 0 
1292 3 
1293 0 
1294 10 
1295 7 
1296 58 
1297 0 
1298 21 
1299 2 
1300 0 
1301 0 
1302 10 
1303 0 
1304 10 
1305 49 
1306 21 
1307 21 
1308 0 
1309 1 
1310 18 
1311 1 
1312 6 
1313 2 
1314 8 
1315 1 
1316 33 
1317 21 
1318 2 
1319 6 
1320 7 
1321 18 
1322 21 
1323 54 
1324 1 
1325 71 
1326 21 
1327 1 
1328 10 
1329 7 
1330 9 
1331 0 
1332 3 
1333 9 
1334 27 
1335 0 
1336 0 
1337 59 
1338 13 
1339 33 
1340 56 
1341 23 
1342 87 
1343 56 
1344 2 
1345 7 
1346 9 
1347 6 
1348 7 
1349 40 
1350 1 
1351 12 
1352 86 
1353 24 
1354 21 
1355 0 
1356 20 
1357 21 
1358 0 
1359 6 
1360 50 
1361 0 
1362 14 
1363 20 
1364 21 
1365 1 
1366 2 
1367 27 
1368 7 
1369 94 
1370 14 
1371 64 
1372 95 
1373 6 
1374 7 
1375 53 
1376 1 
1377 10 
1378 12 
1379 18 
1380 1 
1381 86 
1382 10 
1383 54 
1384 8 
1385 2 
1386 10 
1387 83 
1388 21 
1389 0 
1390 1 
1391 2 
1392 10 
1393 7 
1394 65 
1395 0 
1396 1 
1397 2 
1398 14 
1399 92 
1400 95 
1401 57 
1402 41 
1403 83 
1404 21 
1405 0 
1406 6 
1407 7 
1408 41 
1409 2 
1410 0 
1411 86 
1412 7 
1413 45 
1414 1 
1415 12 
1416 0 
1417 8 
1418 0 
1419 12 
1420 14 
1421 14 
1422 50 
1423 8 
1424 0 
1425 0 
1426 6 
1427 7 
1428 8 
1429 0 
1430 2 
1431 10 
1432 12 
1433 0 
1434 1 
1435 7 
1436 21 
1437 2 
1438 7 
1439 0 
1440 2 
1441 92 
1442 2 
1443 96 
1444 97 
1445 27 
1446 8 
1447 21 
1448 10 
1449 1 
1450 10 
1451 9 
1452 2 
1453 98 
1454 47 
1455 99 
1456 2 
1457 14 
1458 1 
1459 2 
1460 21 
1461 8 
1462 100 
1463 101 
1464 1 
1465 27 
1466 57 
1467 5 
1468 2 
1469 0 
1470 0 
1471 56 
1472 8 
1473 0 
1474 102 
1475 8 
1476 0 
1477 61 
1478 0 
1479 21 
1480 0 
1481 0 
1482 2 
1483 3 
1484 0 
1485 61 
1486 65 
1487 100 
1488 21 
1489 0 
1490 2 
1491 47 
1492 1 
1493 103 
1494 8 
1495 33 
1496 32 
1497 21 
1498 10 
1499 21 
1500 0 
1501 21 
1502 0 
402 1 
1503 27 
1504 7 
1505 13 
1506 2 
1507 0 
1508 21 
1509 0 
1510 100 
1511 8 
1512 0 
1513 21 
1514 0 
1515 1 
1516 2 
1517 14 
1518 6 
1519 2 
1520 52 
1521 45 
1522 0 
1523 10 
1524 0 
1525 1 
1526 104 
1527 14 
1528 32 
1529 29 
1530 1 
1531 2 
1532 0 
1533 2 
1534 1 
1535 21 
1536 30 
1537 8 
1538 1 
1539 98 
1540 30 
1541 8 
1542 0 
1543 3 
1544 105 
1545 2 
1546 83 
1547 95 
1548 6 
1549 10 
1550 57 
1551 20 
1552 21 
1553 2 
1554 10 
1555 8 
1556 2 
1557 10 
1558 7 
1559 9 
1560 1 
1561 2 
1562 27 
1563 32 
1564 65 
1565 2 
1566 83 
1567 95 
1568 20 
1507 1 
1569 10 
1570 2 
1571 21 
1572 2 
1573 10 
1574 2 
1575 20 
1576 21 
1577 2 
1578 27 
1579 7 
1580 0 
1581 7 
1582 21 
1583 8 
1584 2 
1585 21 
1586 100 
1587 1 
1588 21 
1589 1 
1590 102 
1591 8 
1592 86 
1593 7 
1594 21 
1595 27 
1596 7 
1597 62 
1598 3 
231 0 
1599 1 
1600 14 
1601 1 
1602 2 
1603 50 
1604 8 
1605 0 
1606 87 
1607 18 
1608 0 
1609 1 
1610 27 
1611 7 
1612 8 
1613 21 
1614 106 
1615 90 
1616 8 
1617 98 
1618 107 
1619 1 
1620 13 
1621 8 
1622 21 
1623 0 
1624 28 
1625 96 
1626 3 
1627 77 
1628 7 
1629 0 
1630 7 
1631 87 
1632 0 
1633 10 
1634 0 
1635 63 
1636 3 
1637 21 
1638 47 
1639 95 
1640 26 
1641 0 
1642 96 
1643 100 
1644 21 
1645 0 
1646 1 
1647 20 
1648 8 
1649 8 
1650 2 
1651 98 
1652 21 
1653 7 
1654 10 
1655 57 
1656 9 
1657 7 
1658 94 
1659 1 
1660 7 
1661 12 
1662 8 
1663 61 
1664 77 
1665 56 
1666 21 
613 57 
1667 56 
1668 10 
1669 3 
1670 8 
1671 0 
1672 2 
1673 7 
1674 9 
1675 61 
1676 10 
1677 1 
1678 6 
1679 3 
1680 0 
1681 21 
1682 0 
1683 1 
1684 33 
1685 108 
1686 49 
1687 2 
1688 6 
840 7 
1689 56 
1690 109 
1691 21 
1692 2 
1693 52 
1694 27 
1695 3 
1696 21 
1697 12 
1698 110 
1699 65 
1700 2 
1701 77 
816 0 
1702 0 
1703 12 
1704 8 
1705 14 
1706 39 
684 1 
1707 2 
1708 21 
1709 8 
1710 1 
1711 7 
1712 1 
1713 3 
1714 1 
1715 64 
1716 50 
1717 1 
1718 7 
1719 3 
1720 59 
1721 21 
837 1 
1722 9 
1723 77 
1724 106 
1725 3 
1726 8 
1727 2 
1728 10 
1729 7 
1730 58 
1731 7 
1732 21 
1733 0 
1734 21 
598 1 
1735 65 
1736 49 
1737 21 
684 1 
1738 2 
1739 1 
1740 1 
706 111 
1741 112 
1742 21 
1743 63 
1744 27 
1745 59 
1746 1 
1747 2 
1748 14 
1749 100 
1750 0 
1751 1 
1752 2 
1753 0 
1754 1 
1755 6 
1756 65 
1757 1 
1758 7 
1759 21 
1760 30 
1761 86 
1762 100 
1763 21 
1764 98 
1765 21 
1766 0 
1767 43 
1768 100 
1769 0 
1770 1 
1771 43 
1772 14 
1773 8 
1774 0 
1775 99 
1776 38 
1777 1 
1778 35 
1779 1 
780 30 
1780 10 
1781 66 
1782 6 
1783 0 
1784 1 
1785 2 
1786 49 
1787 1 
1788 98 
1789 7 
1790 0 
1791 43 
1792 100 
1793 21 
1794 21 
1795 71 
1796 77 
1797 2 
1798 21 
1799 33 
1800 100 
1801 40 
1802 47 
1803 12 
1804 8 
1805 3 
1806 8 
1807 1 
1808 12 
1809 33 
1810 0 
1811 113 
1812 3 
1813 21 
1814 1 
1815 10 
1816 1 
1817 6 
1818 8 
1819 0 
1820 8 
1821 114 
1822 1 
1823 27 
1824 12 
1825 21 
1826 18 
1827 1 
1828 27 
1829 7 
1830 0 
1831 14 
1832 0 
1833 20 
1834 0 
1835 1 
1836 74 
1837 24 
1838 0 
1839 2 
1815 27 
1840 0 
1841 21 
1842 0 
1843 21 
1844 0 
1845 115 
1846 15 
1847 0 
1848 21 
1849 28 
1850 14 
1851 31 
1852 96 
1853 77 
1854 40 
1855 0 
1856 1 
1857 3 
1858 0 
1859 12 
1860 77 
1861 84 
1862 5 
1863 1 
1864 64 
1865 85 
1866 0 
1867 0 
1868 7 
1869 84 
1870 6 
1871 1 
1872 65 
1873 85 
1874 2 
1875 83 
1876 1 
1877 3 
1878 21 
1879 27 
1880 7 
1881 65 
1882 1 
1883 8 
1884 1 
1885 14 
1886 86 
1887 65 
1888 2 
1889 10 
1890 3 
1891 1 
1892 27 
1893 7 
1894 1 
1895 27 
1896 8 
1897 0 
1898 10 
1899 3 
1900 47 
1901 21 
1902 0 
1903 1 
1904 103 
1905 47 
1906 0 
1907 3 
1908 83 
1909 0 
1910 8 
1911 1 
1912 14 
1913 21 
1914 116 
1915 49 
1916 14 
1917 47 
1918 98 
1919 12 
1920 0 
1921 57 
1922 83 
1923 7 
1924 21 
1925 0 
1926 7 
1927 0 
1928 2 
1929 14 
1930 90 
1931 0 
1932 14 
1933 50 
1934 7 
1935 8 
1936 0 
1937 100 
1938 0 
1939 1 
1940 27 
1941 0 
1942 1 
1943 0 
1944 1 
1945 21 
1946 86 
1947 64 
1948 61 
1949 0 
1950 27 
1951 4 
1952 0 
1953 56 
1954 1 
1955 8 
1956 1 
1957 2 
1958 112 
1959 0 
1960 117 
1961 1 
1962 2 
1963 7 
1964 0 
1965 1 
1966 27 
1967 9 
1968 1 
1969 10 
1970 0 
1971 1 
1972 2 
1973 10 
1974 3 
1975 86 
26 10 
1976 95 
1977 2 
1978 10 
1979 7 
1980 1 
1981 2 
1982 10 
1983 7 
1984 1 
1985 0 
1986 63 
1987 59 
1988 32 
1989 9 
1990 2 
1991 2 
1992 21 
1993 0 
124 10 
1994 64 
1995 9 
1996 0 
1997 106 
1998 6 
1999 92 
2000 21 
71 1 
2001 10 
2002 1 
2003 118 
2004 64 
2005 9 
2006 1 
84 2 
2007 10 
2008 7 
2009 1 
2010 59 
2011 27 
2012 3 
2013 40 
2014 57 
2015 8 
2016 2 
2017 2 
2018 27 
2019 65 
2020 100 
2021 1 
2022 7 
2023 2 
2024 10 
2025 65 
2026 9 
2027 65 
2028 21 
2029 33 
2030 112 
2031 0 
2032 2 
2033 21 
2034 2 
2035 3 
2036 1 
2037 2 
2038 7 
2039 9 
2040 9 
2041 119 
2042 85 
2043 10 
2044 57 
2045 65 
2046 0 
2047 1 
2048 2 
2049 1 
2050 63 
2051 64 
2052 120 
2053 1 
2054 0 
2055 28 
2056 2 
2057 31 
2058 21 
2059 59 
2060 53 
2061 1 
2062 6 
2063 9 
2064 121 
2065 1 
2066 10 
2067 9 
2068 28 
2069 62 
2070 10 
2071 57 
2072 21 
2073 0 
2074 1 
2075 27 
2076 56 
2077 9 
2078 7 
2079 21 
2080 1 
2081 1 
2082 2 
2083 21 
2084 61 
2085 2 
2086 6 
2087 9 
2088 2 
2089 9 
2090 55 
2091 2 
2092 27 
2093 7 
2094 0 
2095 27 
2096 49 
2097 1 
2098 0 
2099 77 
2100 0 
2101 0 
2102 4 
2103 0 
2104 1 
2105 2 
2106 31 
2107 2 
2108 2 
2109 1 
2110 6 
2111 45 
2112 0 
2113 1 
2114 2 
2115 7 
2116 0 
2117 2 
2118 115 
2119 21 
2120 0 
2121 10 
2122 122 
2123 123 
2124 1 
2125 100 
2126 60 
2127 7 
2128 7 
1245 124 
1245 124 
2129 7 
2130 21 
2131 1 
2132 21 
2133 106 
379 3 
2134 26 
2135 24 
2136 100 
2137 1 
2138 1 
2139 2 
2140 21 
2141 1 
2142 2 
2143 21 
2144 125 
2145 3 
2146 100 
2147 10 
2148 4 
2149 96 
2150 9 
2151 57 
2152 2 
2153 7 
2154 3 
2155 83 
2156 21 
2157 2 
2158 21 
2159 1 
2160 1 
2161 2 
2162 1 
2163 1 
2164 2 
2165 90 
2166 8 
2167 8 
2168 21 
2169 96 
2170 39 
2171 80 
2172 126 
2173 3 
2174 1 
2175 86 
2176 2 
473 10 
2177 20 
2178 1 
2179 0 
2180 8 
2181 0 
2182 0 
2183 48 
2184 99 
2185 47 
2186 2 
2187 127 
2188 86 
2189 100 
2190 21 
2191 10 
2192 0 
2193 1 
2194 128 
2195 57 
2196 0 
2197 56 
2198 124 
2199 0 
2200 33 
2201 59 
2202 2 
2203 7 
2204 7 
2205 61 
2206 1 
2207 21 
2208 2 
2209 3 
2210 0 
2211 7 
2212 21 
2213 0 
2214 129 
2215 21 
2216 1 
2217 4 
2218 10 
2219 5 
2220 0 
2221 2 
2222 86 
2223 3 
2224 1 
2225 2 
2226 95 
2227 0 
2228 0 
2229 0 
2230 2 
2231 14 
2232 10 
2233 2 
2234 21 
2235 2 
2236 92 
2237 61 
2238 0 
2239 87 
2240 0 
2241 8 
2242 0 
2243 21 
2244 0 
2245 0 
2246 10 
2247 107 
2248 0 
2249 56 
2250 0 
2251 129 
2252 0 
2253 124 
2254 1 
2255 12 
2256 12 
2257 8 
2258 1 
2259 2 
2260 0 
2261 107 
2262 0 
2263 92 
2264 86 
2265 21 
2266 7 
2267 2 
2268 27 
2269 40 
2270 1 
2271 10 
2272 12 
2273 1 
2274 10 
2275 21 
2276 85 
2277 1 
2278 86 
2279 130 
2280 1 
2281 2 
2282 27 
2283 0 
2284 2 
2285 106 
2286 27 
2287 1 
2288 2 
2289 10 
2290 2 
2291 9 
2292 0 
2293 12 
2294 96 
2295 110 
2296 1 
2297 7 
2298 58 
2299 2 
2300 27 
2301 0 
2302 7 
2303 86 
2304 10 
2305 87 
2306 0 
2307 0 
2308 1 
2309 12 
2310 0 
2311 9 
2312 0 
2313 0 
2314 7 
2315 36 
2316 0 
816 2 
2317 124 
2318 21 
2319 2 
2320 2 
2321 21 
2322 0 
2323 2 
2324 21 
2325 0 
2326 20 
2327 77 
2328 1 
2329 124 
2330 0 
2331 0 
2332 7 
2333 0 
2334 131 
2335 106 
613 100 
2336 65 
2337 0 
2338 2 
2339 83 
2340 0 
2341 61 
2342 36 
2343 0 
2344 1 
2345 3 
2346 1 
2347 0 
2348 0 
2349 8 
2350 0 
2351 86 
2352 21 
2353 12 
2354 0 
2355 77 
2356 85 
2357 117 
2358 0 
2359 10 
2360 45 
2361 10 
2362 12 
2363 0 
2364 83 
2365 21 
2366 0 
2367 50 
2368 1 
2369 3 
2370 0 
2371 0 
2372 128 
2373 26 
2374 0 
2375 18 
2376 21 
2377 1 
2378 59 
2379 132 
2380 100 
2381 118 
2382 47 
2383 117 
2384 117 
2385 99 
2386 2 
2387 49 
2388 14 
2389 96 
2390 7 
2391 29 
2392 10 
2393 0 
2394 0 
2395 86 
2396 7 
2397 59 
2398 1 
2399 117 
2400 0 
2401 21 
2402 7 
2403 21 
2404 0 
2405 9 
2406 0 
2407 0 
2408 3 
2409 50 
2410 11 
2411 2 
2412 12 
2413 133 
2414 100 
2415 8 
2302 12 
2416 8 
2417 0 
2418 8 
2419 2 
2420 103 
2421 0 
2422 12 
2423 73 
2424 57 
2425 0 
2426 12 
2427 21 
2428 86 
2429 0 
2430 9 
2431 21 
2432 3 
2433 90 
2434 7 
2435 2 
2436 96 
2437 1 
2438 2 
2439 21 
2440 59 
2441 35 
2442 0 
2443 95 
2444 21 
2445 30 
2446 33 
2447 32 
2448 8 
2449 134 
2450 0 
1846 29 
2451 84 
2452 1 
2453 2 
2454 10 
2455 2 
39 12 
2456 59 
2457 1 
2458 100 
2459 77 
2460 0 
2461 1 
2462 0 
2463 0 
2464 2 
2465 9 
2466 1 
2467 0 
2468 10 
2469 0 
2470 21 
2471 1 
2472 2 
2473 0 
2474 2 
2475 0 
2476 135 
2477 136 
2478 21 
2479 2 
2480 0 
2481 21 
2482 0 
2483 21 
2484 8 
2485 14 
2486 0 
2487 1 
2488 0 
2489 0 
1118 8 
1118 8 
2490 0 
2491 21 
2492 3 
2493 8 
2494 7 
2495 9 
2496 8 
2497 0 
2498 26 
2499 0 
2500 21 
2501 1 
2502 2 
2503 9 
2504 1 
2505 1 
2506 2 
2507 27 
2508 1 
2509 2 
2510 9 
2511 5 
2512 1 
2513 21 
2514 0 
2515 2 
2516 20 
2517 4 
2518 0 
2519 92 
2520 9 
2521 137 
2522 2 
2523 27 
2524 57 
2525 102 
2526 64 
2527 9 
2528 1 
2529 10 
2530 9 
2531 0 
2532 138 
2533 91 
2534 1 
2535 9 
2536 2 
2537 20 
2538 2 
2539 9 
2540 139 
2541 9 
2542 140 
2543 3 
2544 9 
2545 85 
2546 1 
2547 2 
2548 59 
2549 0 
2550 7 
2551 141 
2552 92 
2553 9 
590 7 
2554 27 
62 10 
2555 84 
2556 106 
2557 21 
2558 14 
1258 118 
2559 142 
2560 0 
2561 92 
2562 1 
1013 22 
2563 32 
2564 9 
2565 86 
2566 40 
2567 21 
2568 2 
2569 1 
2570 12 
2571 1 
2572 59 
2573 3 
2574 0 
2575 0 
2576 21 
2577 0 
2578 0 
2579 21 
2580 7 
2581 0 
2582 21 
2583 0 
2584 13 
2585 7 
2586 8 
2587 0 
2588 0 
2589 0 
2590 0 
2591 14 
2592 3 
2593 21 
2594 0 
2595 0 
2596 71 
2597 95 
2598 0 
2599 0 
2600 45 
2601 0 
2602 1 
2603 0 
2604 1 
2605 2 
2606 96 
2607 7 
2608 0 
2609 27 
2610 35 
2611 6 
2612 21 
2613 0 
2614 27 
2615 21 
2616 30 
2617 124 
2618 21 
2619 87 
2620 0 
2621 21 
2622 10 
2623 1 
2624 9 
2625 1 
2626 21 
2627 143 
2628 1 
2629 2 
2630 1 
2631 14 
2632 18 
2633 21 
2634 40 
2635 27 
302 136 
2636 21 
2637 21 
2638 86 
2639 144 
2640 0 
2641 1 
2642 1 
2643 21 
2644 8 
2205 0 
2645 57 
2646 0 
2647 1 
2648 2 
2649 2 
2650 56 
2651 2 
2652 2 
2653 5 
2654 0 
2655 7 
2656 21 
2657 0 
2658 117 
2659 33 
2660 0 
2661 21 
2662 0 
2663 8 
2664 145 
2665 0 
2666 6 
2667 0 
2668 0 
2669 117 
2670 146 
2671 136 
2672 21 
2673 0 
2674 86 
2675 10 
2676 1 
2677 96 
2678 21 
2679 9 
2680 21 
2681 21 
2682 10 
2683 37 
2684 41 
2685 1 
2686 0 
2687 12 
2688 1 
2689 29 
2690 83 
2691 8 
2692 127 
2693 8 
2694 99 
2695 10 
2696 110 
2697 50 
2698 41 
2699 1 
2700 136 
2701 29 
2702 0 
2703 21 
2704 10 
2705 0 
2706 0 
2707 8 
2708 147 
2709 10 
2710 64 
2711 6 
2712 107 
2713 0 
2714 132 
2715 10 
2716 21 
2717 0 
2718 10 
2719 0 
7 1 
2720 86 
2721 148 
2722 0 
2723 8 
2724 0 
2725 147 
2726 148 
2727 8 
2728 21 
2729 3 
2730 0 
2731 3 
2732 136 
2733 96 
2734 136 
2735 1 
2736 2 
2737 2 
2738 3 
2739 1 
2740 12 
2741 136 
2742 45 
2743 0 
2744 64 
2745 41 
2746 0 
2747 149 
2748 2 
2749 30 
2750 99 
2751 9 
2752 56 
2753 1 
2754 2 
2755 0 
2756 0 
2757 6 
2758 9 
2759 9 
2760 21 
2761 8 
2762 2 
2763 21 
2764 2 
2765 7 
2766 2 
2767 129 
2768 56 
2769 2 
2770 9 
2771 9 
2772 65 
2773 30 
2774 1 
2775 2 
2776 10 
2777 117 
2778 2 
2779 2 
2780 127 
2781 0 
2782 44 
2783 30 
2784 100 
2785 21 
2786 0 
2787 0 
2788 10 
2789 61 
2790 0 
2791 27 
2792 12 
2793 8 
2794 0 
1896 21 
1896 21 
2795 0 
2796 21 
2797 7 
2798 0 
2799 56 
2800 0 
2801 3 
2802 7 
2803 40 
2804 1 
2805 10 
2806 1 
2807 40 
2808 8 
2809 8 
2810 21 
2811 63 
2812 136 
2813 12 
2814 2 
2815 8 
2816 21 
2817 21 
2818 0 
2819 61 
2820 117 
2821 0 
2822 21 
2823 24 
2824 150 
2825 2 
2826 21 
2827 2 
2828 7 
2829 0 
2830 9 
2831 0 
2832 8 
2833 2 
2834 10 
2835 21 
2836 133 
2837 2 
2838 50 
2839 12 
2840 0 
2841 45 
2842 27 
2843 100 
2844 21 
2845 151 
2846 86 
2847 129 
2848 27 
2849 12 
2850 133 
2851 24 
2852 0 
2853 0 
2854 0 
2855 57 
2856 102 
2857 86 
2858 10 
2859 8 
2860 152 
2861 21 
2862 2 
2863 153 
2864 0 
2865 10 
2866 12 
2867 56 
2814 30 
2868 136 
2869 100 
2870 2 
2871 8 
2872 2 
2873 0 
2874 2 
2875 154 
2876 149 
2877 0 
2878 21 
2879 136 
2880 21 
2881 47 
2882 59 
2883 115 
2884 86 
2885 56 
2886 2 
2887 3 
2888 21 
2889 12 
1009 2 
2890 1 
2891 21 
2892 7 
2893 0 
2894 96 
2895 155 
2896 38 
2897 85 
2898 1 
2899 77 
2900 84 
2901 92 
2902 1 
2903 7 
2904 10 
2905 117 
2906 0 
2907 21 
2908 1 
2909 21 
2910 10 
2911 9 
2912 0 
2913 8 
2914 0 
2915 2 
2916 7 
2917 21 
2918 77 
2919 0 
2920 9 
2921 2 
2922 156 
2923 9 
2924 102 
2925 33 
2926 8 
71 1 
2927 30 
2928 21 
2929 117 
2930 0 
2931 124 
2932 85 
2933 3 
2934 9 
2935 0 
2936 21 
2937 0 
2938 1 
2939 59 
2940 32 
2941 2 
2942 20 
2943 28 
2944 9 
1469 84 
2945 3 
2946 1 
2947 27 
2948 3 
2949 21 
2950 157 
2951 124 
2952 158 
2953 28 
2954 1 
2955 141 
1169 159 
2956 1 
2957 9 
2958 59 
2959 9 
2960 1 
2961 9 
2962 65 
2963 1 
2964 10 
2965 64 
2966 160 
2967 157 
2968 63 
2969 27 
2970 3 
2971 58 
2972 3 
2973 1 
2974 2 
2975 9 
2976 0 
2977 0 
2978 35 
2979 110 
2980 53 
2981 64 
2982 1 
2983 21 
2984 2 
2985 0 
2986 2 
2987 30 
2988 1 
2989 83 
2990 21 
2991 9 
2992 149 
2993 1 
2994 1 
2995 0 
2996 98 
2997 0 
2998 8 
2999 8 
3000 1 
3001 2 
3002 3 
3003 1 
3004 61 
3005 1 
3006 14 
3007 100 
3008 0 
1917 156 
3009 0 
3010 87 
3011 0 
3012 0 
3013 161 
3014 123 
3015 100 
3016 77 
3017 0 
3018 43 
3019 10 
3020 52 
3021 56 
3022 1 
3023 2 
3024 27 
3025 100 
3026 0 
3027 0 
3028 28 
3029 0 
3030 1 
3031 33 
3032 36 
3033 122 
3034 0 
3035 1 
3036 77 
3037 0 
3038 12 
3039 2 
3040 8 
3041 2 
3042 156 
3043 10 
3044 21 
3045 1 
3046 14 
3047 7 
3048 162 
3049 0 
3050 59 
3051 21 
3052 3 
3053 21 
3054 10 
3055 136 
3056 8 
3057 21 
3058 0 
3059 9 
3060 52 
3061 96 
3062 30 
3063 117 
3064 67 
3065 117 
3066 0 
3067 14 
3068 49 
3069 2 
3070 0 
3071 2 
3072 9 
3073 90 
3074 117 
3075 0 
3076 0 
3077 0 
3078 0 
3079 33 
3080 50 
3081 84 
3082 0 
3083 99 
3084 156 
3085 0 
3086 12 
3087 0 
3088 1 
3089 32 
3090 0 
3091 21 
3092 0 
3093 149 
3094 21 
3095 9 
3096 0 
3097 77 
3098 86 
3099 21 
3100 40 
3101 1 
3102 2 
3103 62 
3104 115 
3105 156 
3106 21 
3107 56 
3108 13 
3109 9 
3110 6 
3111 64 
3112 0 
3113 10 
3114 0 
3115 106 
3116 2 
3117 0 
3118 7 
3119 0 
3120 61 
3121 27 
3122 156 
3123 2 
3124 7 
3125 21 
3126 0 
3127 2 
3128 10 
3129 0 
3130 1 
3131 10 
3132 7 
3133 0 
3134 77 
3135 1 
3136 27 
3137 29 
3138 58 
3139 1 
3140 21 
3141 96 
3142 103 
3143 14 
3144 5 
3145 0 
3146 29 
3147 136 
3148 12 
3149 56 
3150 14 
3151 21 
3152 21 
3153 0 
3154 0 
3155 21 
3156 61 
3157 92 
3158 2 
3159 1 
3160 1 
3161 1 
3162 0 
3163 27 
3164 7 
3165 21 
3166 2 
3167 2 
3168 0 
3169 2 
3170 7 
3171 62 
3172 1 
3173 7 
3174 56 
535 0 
3175 141 
3176 142 
3177 10 
3178 21 
3179 2 
3180 151 
3181 156 
3182 86 
3183 59 
3184 32 
3185 136 
3186 0 
3187 10 
3188 5 
3189 9 
3190 0 
3191 1 
3192 7 
3193 7 
3194 21 
3195 21 
3196 12 
3197 1 
3198 2 
3199 7 
3200 1 
3201 58 
3202 0 
3203 59 
3204 2 
3205 136 
3206 2 
3207 27 
3208 21 
3209 21 
3210 0 
3211 21 
3212 1 
3213 14 
3214 2 
3215 2 
3216 52 
1229 56 
3217 163 
3218 10 
3219 33 
3220 96 
3221 39 
1238 61 
3222 1 
3223 84 
3224 0 
3225 86 
3226 7 
3227 77 
3228 0 
3229 63 
3230 27 
3231 21 
3232 2 
3233 0 
3234 0 
3235 0 
3236 1 
3237 2 
3238 14 
3239 33 
3240 10 
3241 87 
3242 21 
3243 1 
3244 2 
3245 14 
3246 7 
3247 63 
3248 0 
3249 164 
3250 39 
3251 21 
3252 1 
3253 156 
3254 10 
3255 9 
3256 84 
3257 27 
3258 0 
3259 2 
3260 156 
3261 0 
3262 21 
3263 0 
3264 7 
3265 0 
3266 0 
3267 1 
3268 10 
3269 61 
3270 1 
3271 77 
3272 0 
3273 1 
3274 96 
3275 21 
3276 85 
3277 1 
3278 30 
3279 40 
3280 0 
3281 1 
3282 2 
3283 0 
3284 1 
3285 6 
3286 0 
3287 21 
3288 0 
3289 2 
3290 56 
3291 100 
3292 30 
3293 21 
3294 1 
3295 30 
3296 77 
3297 35 
3298 21 
3299 18 
3300 0 
3301 21 
3302 8 
3303 0 
3304 2 
3305 107 
3306 0 
3307 136 
3308 21 
3309 2 
3310 83 
3311 10 
3312 1 
3313 90 
3314 2 
3315 0 
3316 6 
3317 2 
3318 0 
3319 10 
3320 7 
3321 0 
3322 2 
3323 0 
3324 106 
3325 117 
3326 117 
3327 0 
3328 16 
3329 3 
3330 11 
3331 13 
3332 10 
3333 2 
3334 2 
3335 21 
3336 6 
3337 0 
3338 33 
3339 96 
3340 0 
3341 1 
3342 2 
3343 29 
3344 84 
3345 1 
3346 87 
3347 0 
3348 12 
3349 0 
3350 6 
3351 165 
3352 0 
3353 0 
3354 0 
3355 99 
3356 0 
3357 2 
3358 83 
3359 21 
3360 0 
3361 2 
3362 85 
3363 0 
3364 10 
3365 100 
3366 0 
3367 2 
3368 77 
3369 0 
3370 2 
3371 0 
3372 108 
3373 1 
3374 14 
1180 7 
3375 156 
3376 86 
3377 3 
3378 1 
3379 71 
3380 21 
3381 0 
3382 0 
3383 1 
3384 21 
3385 10 
3386 1 
3387 10 
3388 29 
3389 166 
3390 125 
3391 34 
3392 35 
3393 21 
3394 6 
3395 18 
3396 8 
3397 0 
3398 0 
3399 21 
3400 1 
3401 33 
3402 14 
3403 30 
3404 2 
3405 21 
3406 2 
3407 7 
3408 0 
3409 1 
3410 30 
3411 24 
3412 0 
3413 1 
3414 10 
3415 7 
3416 8 
3417 0 
3418 21 
3419 0 
3420 0 
3421 10 
3422 31 
2721 97 
3423 0 
3424 87 
3425 122 
3426 1 
3427 86 
3428 2 
3429 8 
3430 21 
3431 1 
3432 2 
3433 4 
3434 0 
3435 12 
3436 8 
3437 55 
3438 0 
3439 96 
3440 21 
3441 40 
3442 0 
3443 7 
3444 45 
3445 31 
3446 12 
3447 49 
3448 64 
3449 167 
21 10 
3450 64 
3451 9 
3452 21 
3453 28 
3454 9 
3455 64 
3456 21 
3457 1 
3458 83 
3459 2 
3460 7 
3461 156 
3462 168 
3463 21 
3464 0 
3465 6 
3466 7 
3467 9 
3468 0 
3469 10 
3470 61 
3471 0 
3472 50 
3473 0 
3474 0 
3475 1 
3476 59 
3477 0 
3478 1 
3479 1 
3480 21 
3481 40 
3482 1 
3483 2 
3484 9 
3485 49 
3486 1 
3487 1 
3488 40 
3489 0 
3490 0 
3491 8 
3492 0 
3493 2 
3494 0 
3495 2 
3496 2 
3497 0 
3498 9 
3499 0 
3500 21 
3501 21 
3502 0 
3503 0 
3504 156 
3505 21 
3506 4 
3507 0 
3508 0 
3509 2 
3510 0 
2010 2 
3511 0 
3512 14 
3513 136 
3514 83 
200 56 
3515 12 
3516 0 
3517 0 
3518 2 
3519 117 
3520 0 
3521 0 
3522 3 
3523 1 
3524 8 
3525 166 
3526 27 
3527 136 
3528 2 
3529 156 
3530 160 
3531 149 
3532 1 
3533 2 
3534 86 
3535 10 
3536 0 
3537 1 
3538 64 
3539 8 
3540 1 
3541 96 
3542 8 
3543 0 
3544 0 
3545 1 
3546 114 
3547 1 
3548 10 
3549 83 
3550 9 
3551 1 
3552 0 
3553 1 
3554 2 
3555 12 
3556 21 
3557 30 
3558 10 
3559 136 
3560 1 
3561 2 
3562 0 
3563 2 
3564 2 
3565 1 
3566 33 
3567 7 
3568 1 
3569 2 
3570 64 
3571 86 
3572 3 
3573 64 
3574 0 
40 9 
40 9 
3575 1 
3576 2 
3577 6 
3578 1 
3579 1 
3580 10 
3581 2 
3582 21 
3583 8 
3584 9 
3585 87 
3586 83 
3587 1 
51 57 
3588 158 
3589 8 
3590 2 
3591 0 
3592 156 
3593 0 
3594 27 
3595 21 
3596 0 
3597 0 
3598 7 
3599 0 
3600 18 
3601 13 
3602 2 
3603 96 
3604 86 
3605 0 
3606 10 
3607 9 
3608 65 
3609 40 
3610 2 
3611 77 
3612 86 
3613 8 
3614 1 
3615 169 
3616 0 
3617 2 
3618 10 
3619 21 
3620 13 
3621 2 
3622 1 
3623 2 
3624 32 
3625 0 
3626 1 
3627 10 
3628 77 
3629 0 
3630 10 
3631 8 
3632 0 
3633 136 
3634 18 
536 1 
3635 0 
3636 21 
3637 0 
3638 170 
3639 48 
3640 100 
3641 29 
3642 0 
3643 8 
3143 98 
3644 8 
3645 61 
3646 1 
3647 136 
3648 0 
3649 7 
3650 0 
3651 86 
3652 0 
3653 65 
3654 0 
3655 0 
3656 99 
3657 10 
3658 64 
3659 0 
1505 1 
3660 2 
3661 165 
3662 2 
3663 0 
3664 0 
3665 61 
3666 0 
3667 2 
3668 156 
3669 1 
3670 21 
3671 1 
3672 83 
3673 8 
3674 123 
3675 86 
3676 136 
3677 0 
3678 10 
3679 156 
3680 10 
3681 21 
3682 1 
3683 8 
3684 61 
3685 1 
3686 0 
3687 6 
3688 8 
3689 122 
3690 33 
3691 0 
3692 1 
3693 2 
3694 21 
3695 0 
3696 86 
3697 8 
3698 21 
3699 42 
3700 21 
3701 0 
3702 6 
3703 21 
3704 36 
3705 5 
3706 10 
3707 88 
3708 21 
3709 2 
3710 2 
3711 21 
3712 10 
3713 0 
3714 1 
3715 14 
3716 23 
3717 10 
3718 135 
3719 110 
3720 30 
3721 13 
3722 33 
3723 56 
3724 21 
3725 1 
3726 38 
3727 10 
3728 136 
3729 0 
3730 10 
3731 7 
3732 95 
3733 12 
3734 1 
3735 2 
3736 0 
3737 10 
2739 1 
3738 10 
3739 71 
3740 8 
3741 0 
3742 43 
3743 83 
3744 87 
3745 0 
3746 117 
3747 32 
3748 134 
3749 27 
3750 0 
3751 29 
3752 2 
3753 21 
3754 86 
3755 129 
3756 8 
3757 171 
3758 21 
3759 2 
3760 2 
3761 1 
3762 2 
3763 8 
3764 9 
3765 2 
3766 21 
3767 21 
3768 1 
3769 2 
3770 38 
3771 64 
3772 8 
3773 2 
3774 136 
3775 0 
3776 107 
3777 1 
3778 172 
3779 0 
3780 127 
3781 14 
3782 106 
3783 136 
3784 1 
3785 29 
3786 6 
3787 117 
3788 12 
3789 21 
3790 27 
3791 3 
3792 1 
3793 2 
3794 173 
3795 21 
3796 0 
3797 44 
3798 33 
3799 153 
3800 1 
3801 6 
3802 1 
3803 2 
3804 21 
3805 1 
3759 2 
3806 1 
3807 29 
3808 1 
3809 27 
3810 85 
3811 8 
3812 100 
3813 156 
3814 9 
3815 56 
3816 7 
3817 21 
3818 61 
3819 28 
3820 21 
3821 84 
3822 168 
3823 3 
3824 61 
3825 8 
3826 108 
3199 115 
3827 1 
3828 156 
3829 1 
3830 117 
3831 1 
3832 2 
3833 10 
3834 106 
3835 8 
3836 1 
3837 2 
3838 10 
3839 21 
3840 0 
3841 1 
3842 12 
3843 1 
3844 2 
3845 10 
3846 44 
3847 33 
3848 14 
3849 21 
3850 2 
3851 7 
3852 10 
3853 1 
3854 86 
3855 1 
3856 2 
3857 0 
3858 1 
3859 174 
3860 49 
3861 47 
3862 86 
3863 1 
3864 9 
3865 21 
3866 0 
3867 21 
3868 0 
3869 173 
3870 0 
3871 86 
3872 11 
3873 1 
3874 40 
3875 1 
3876 96 
3877 21 
3878 2 
3879 45 
3880 175 
5 117 
1902 84 
3881 8 
24 1 
3882 124 
3883 48 
3884 176 
3885 8 
3886 98 
3887 29 
3888 0 
3889 8 
3890 0 
3891 0 
3892 65 
3893 0 
3223 0 
3894 41 
3895 8 
3896 1 
3897 0 
3898 177 
3899 1 
3900 33 
3901 9 
3902 21 
3903 107 
3904 92 
3905 21 
3906 24 
3907 15 
3908 21 
3909 100 
3910 132 
3911 1 
3912 21 
3913 20 
3914 1 
3915 50 
3916 8 
3917 178 
3918 95 
3919 179 
3920 100 
3921 21 
3922 64 
3923 1 
3924 2 
3925 56 
3926 136 
2455 2 
3927 0 
3928 18 
3929 1 
3930 2 
3931 1 
3932 1 
3933 86 
3934 115 
3935 2 
3936 0 
3937 136 
3938 2 
3939 14 
3940 0 
3941 2 
3942 21 
3943 10 
3944 52 
3945 5 
3946 57 
3947 117 
3948 1 
3949 18 
3950 21 
3951 0 
3952 12 
3953 164 
3954 27 
3955 0 
3956 1 
3957 2 
3958 6 
3959 7 
3960 180 
3961 1 
3962 21 
3963 86 
3964 10 
3965 136 
3966 21 
3967 1 
3968 10 
3969 2 
3970 2 
3971 12 
3972 99 
3973 155 
3974 21 
3975 12 
3976 8 
3977 33 
3978 181 
3979 18 
3980 1 
3981 182 
3982 117 
3983 33 
3984 155 
3985 29 
3986 10 
3987 48 
3988 86 
3989 100 
3990 29 
3991 2 
3992 14 
3993 0 
3994 2 
3995 176 
3996 0 
3997 6 
3998 103 
3999 52 
4000 0 
4001 2 
4002 98 
4003 52 
4004 2 
4005 10 
4006 21 
4007 52 
4008 0 
4009 29 
4010 175 
4011 71 
4012 122 
4013 12 
4014 107 
4015 1 
4016 99 
4017 71 
4018 21 
4019 1 
4020 12 
4021 122 
4022 44 
4023 172 
4024 87 
4025 103 
4026 35 
4027 0 
4028 0 
4029 83 
4030 8 
4031 127 
4032 1 
4033 182 
4034 183 
4035 0 
4036 1 
4037 33 
4038 175 
4039 184 
4040 122 
4041 2 
4042 179 
4043 21 
4044 0 
4045 1 
4046 21 
4047 122 
4048 1 
4049 185 
4050 0 
4051 1 
4052 10 
4053 0 
4054 1 
4055 186 
4056 0 
4057 0 
4058 1 
4059 10 
4060 0 
4061 0 
4062 0 
4063 12 
4064 59 
4065 7 
4066 21 
4067 0 
4068 10 
4069 41 
4070 78 
4071 186 
4072 136 
4073 158 
4074 0 
4075 10 
4076 2 
4077 1 
4078 2 
4079 2 
4080 29 
4081 32 
4082 10 
4083 36 
4084 0 
4085 1 
4086 41 
4087 0 
4088 95 
4089 0 
4090 7 
4091 96 
4092 100 
4093 2 
4094 156 
4095 1 
4096 1 
4097 0 
4098 14 
4099 52 
4100 33 
4101 154 
4102 10 
4103 10 
4104 7 
4105 2 
4106 2 
4107 30 
4108 150 
4109 187 
4110 10 
4111 136 
4112 29 
4113 0 
4114 1 
4115 21 
4116 1 
4117 40 
4118 8 
4119 188 
4120 1 
4121 27 
4122 14 
4123 2 
4124 86 
4125 77 
4126 175 
4127 174 
4128 27 
4129 0 
4130 1 
4131 40 
4132 2 
4133 0 
4134 52 
4135 21 
4136 7 
4137 0 
4138 1 
4139 6 
4140 1 
4141 106 
4142 144 
4143 186 
4144 2 
4145 98 
4146 8 
4147 30 
4148 45 
4149 2 
4150 0 
4151 39 
4152 8 
4153 0 
4154 95 
4155 118 
4156 10 
4157 21 
210 0 
4158 2 
4159 50 
4160 0 
4161 151 
4162 21 
4163 21 
4164 99 
4165 1 
4166 0 
4167 0 
4168 2 
4169 1 
4170 2 
4171 29 
4172 0 
4173 175 
4174 0 
4175 0 
4176 10 
4177 13 
4178 117 
4179 0 
4180 8 
4181 2 
4182 10 
4183 86 
4184 187 
4185 151 
4186 1 
4187 21 
4188 0 
4189 41 
4190 2 
4191 50 
4192 151 
4193 0 
4194 0 
4195 1 
4196 175 
4197 1 
4198 86 
4199 21 
4200 9 
4201 2 
4202 96 
4203 1 
4204 10 
4205 1 
4206 40 
4207 1 
4208 21 
4209 52 
4210 21 
4211 2 
4212 27 
4213 24 
4214 117 
4215 1 
4216 64 
4217 0 
4218 2 
4219 98 
4220 1 
4221 1 
4222 8 
4223 1 
4224 33 
4225 96 
4226 0 
4227 1 
4228 176 
4229 122 
4230 2 
4231 12 
4232 107 
4233 0 
4234 2 
3570 52 
4235 87 
4236 0 
4237 172 
4238 87 
4239 0 
4240 8 
4241 2 
4242 107 
4243 0 
4244 10 
4245 1 
4246 33 
4247 100 
4248 0 
4249 1 
4250 14 
4251 83 
4252 8 
4253 123 
4254 99 
4255 98 
4256 21 
4257 0 
4258 2 
4259 0 
4260 189 
4261 0 
4262 10 
4263 55 
4264 0 
4265 2 
4266 2 
4267 0 
4268 43 
4269 100 
4270 115 
4271 0 
4272 20 
4273 0 
4274 190 
4275 14 
4276 12 
4277 143 
4278 165 
4279 10 
4280 12 
4281 21 
4282 2 
4283 107 
4284 10 
4285 156 
4286 10 
4287 0 
4288 10 
4289 12 
4290 100 
4291 136 
4292 2 
4293 96 
4294 136 
4295 139 
4296 2 
4297 21 
4298 6 
4299 65 
4300 0 
4301 10 
4302 12 
4303 1 
4304 86 
4305 7 
4306 4 
4307 3 
4308 77 
4309 1 
4310 21 
4311 0 
4312 0 
4313 12 
4314 63 
4315 27 
4316 100 
4317 168 
4318 47 
4319 1 
4320 65 
4321 0 
4322 2 
4323 10 
4324 21 
4325 106 
4326 10 
4327 10 
4328 83 
4329 2 
4330 21 
4331 14 
4332 175 
4333 12 
4334 45 
4335 21 
4336 1 
4337 1 
4338 59 
4339 156 
4340 7 
4341 7 
4342 8 
4343 12 
4344 8 
4345 10 
4346 21 
4347 30 
4348 21 
4349 3 
4350 2 
4351 21 
4352 0 
4353 191 
4354 12 
4355 2 
4356 30 
4357 12 
4358 21 
4359 1 
4360 86 
4361 1 
4362 0 
4363 192 
4364 176 
4365 136 
4366 0 
4367 193 
4368 36 
4369 0 
4370 21 
4371 100 
4372 1 
4373 42 
4374 0 
4375 136 
4376 0 
4377 0 
4378 0 
4379 1 
4380 106 
4381 33 
4382 96 
4383 21 
4384 0 
4385 2 
4386 1 
4387 0 
4388 2 
4389 7 
4390 1 
4391 1 
4392 194 
4393 10 
4394 188 
4395 21 
4396 87 
4397 65 
4398 1 
4399 29 
4400 1 
4401 90 
4402 175 
4403 77 
4404 195 
4405 8 
4406 21 
4407 33 
4408 0 
4409 14 
4410 21 
4411 12 
4412 136 
4413 1 
4414 0 
4415 12 
4416 30 
4417 21 
4418 86 
4419 151 
4420 10 
4421 87 
2537 12 
4422 8 
4423 2 
4424 136 
4425 47 
4426 1 
4427 136 
4428 8 
4429 2 
4430 1 
4431 8 
4432 35 
4433 0 
4434 86 
4435 0 
4436 66 
4437 0 
4438 8 
4439 7 
4440 188 
4441 10 
4442 8 
4443 0 
4444 57 
4445 0 
4446 0 
4447 27 
4448 77 
4449 29 
4450 56 
4451 2 
4452 1 
4453 156 
4454 196 
4455 1 
4456 7 
4457 7 
4458 9 
4459 0 
4460 0 
4461 2 
4462 156 
4463 21 
4464 0 
4465 2 
4466 7 
4467 0 
4468 12 
4469 21 
4470 61 
4471 1 
4472 27 
4473 172 
4474 2 
4475 28 
4476 2 
4477 2 
4478 0 
4479 86 
4480 172 
4481 1 
4482 83 
4483 14 
4484 0 
4485 0 
4486 9 
4487 0 
4488 1 
4489 7 
4490 9 
4491 1 
4492 86 
4493 0 
4494 197 
4495 149 
4496 27 
4497 126 
4498 3 
4499 92 
4500 9 
4501 190 
4502 7 
4503 156 
4504 1 
4505 2 
4506 10 
4507 156 
4508 0 
4509 10 
4510 21 
4511 63 
4512 136 
4513 21 
4514 9 
4515 0 
4516 190 
4517 3 
4518 0 
4519 27 
4520 0 
4521 0 
4522 0 
4523 61 
4524 1 
4525 0 
4526 6 
4527 8 
4528 0 
4529 7 
4530 0 
4531 21 
4532 186 
4533 0 
4534 86 
4535 3 
4536 9 
4537 0 
4538 1 
4539 166 
4540 8 
4541 0 
4542 156 
4543 56 
4544 0 
4545 158 
4546 0 
4547 0 
4548 77 
4549 0 
4550 1 
4551 0 
4552 0 
4553 1 
4554 136 
4555 149 
4556 0 
4557 1 
4558 61 
4559 63 
4560 96 
4561 156 
4562 41 
4563 86 
4564 139 
4565 9 
4566 8 
4567 2 
4568 77 
4569 0 
4570 33 
4571 14 
4572 136 
4573 0 
4574 1 
4575 21 
4576 0 
4577 86 
4578 21 
4579 27 
4580 21 
4581 0 
4582 9 
4583 61 
4584 1 
4585 2 
4586 1 
4587 32 
4588 9 
4589 10 
4590 2 
4591 8 
4592 2 
4593 27 
4594 172 
4595 156 
4596 21 
4597 136 
4598 40 
4599 173 
4600 8 
4601 10 
4602 21 
4603 42 
4604 8 
4605 86 
4606 0 
4607 50 
4608 21 
4609 7 
4610 1 
4611 10 
4612 2 
4613 9 
4614 21 
4615 27 
4616 7 
4617 14 
4618 2 
4619 100 
2911 21 
4620 84 
4621 10 
4622 21 
4099 7 
4623 172 
4624 177 
4625 1 
4626 10 
4627 8 
4628 100 
4629 83 
4630 10 
4165 1 
4631 18 
4632 27 
4633 100 
4634 21 
4635 0 
4636 6 
4637 87 
4638 56 
4639 100 
4640 0 
4641 0 
4642 14 
4643 2 
4644 0 
4645 8 
4646 0 
4647 1 
4648 198 
4649 21 
4650 0 
4651 0 
4652 50 
4653 4 
4654 2 
4655 175 
4656 175 
4657 1 
4658 10 
4659 21 
4660 7 
4661 2 
4662 3 
4663 0 
4664 12 
4665 0 
4666 136 
4667 8 
4668 180 
4669 136 
4670 12 
4671 58 
4672 3 
4673 0 
4674 1 
4675 190 
4676 27 
4677 3 
4678 199 
4679 84 
4680 1 
4681 2 
4682 59 
4683 9 
4684 166 
4685 2 
4686 7 
4687 95 
4688 200 
4689 10 
4690 21 
4691 10 
4692 136 
4693 21 
4694 164 
4695 64 
4696 160 
2052 201 
4697 28 
4698 2 
4699 10 
4700 21 
4701 157 
4702 1 
4703 2 
4704 27 
4705 92 
4706 58 
4707 30 
4708 3 
4709 168 
4710 1 
4711 2 
4712 9 
4713 0 
4714 6 
4715 186 
4716 202 
4717 1 
4718 21 
4719 1 
4720 203 
4721 10 
4722 32 
4723 9 
4724 0 
4725 10 
4726 196 
4727 167 
4728 2 
4729 10 
4730 7 
4731 8 
4732 204 
4733 1 
4734 118 
4735 136 
4736 0 
4737 2 
4738 77 
4739 27 
4740 168 
4741 0 
4742 1 
4743 199 
4744 58 
4745 9 
4746 0 
4747 9 
4748 0 
4749 21 
4750 0 
4751 59 
4752 205 
4753 8 
4754 194 
4755 21 
4756 92 
4757 56 
4758 190 
4759 59 
4760 3 
4761 0 
4762 2 
4763 118 
4764 64 
4765 199 
4766 56 
4767 206 
4768 6 
4769 20 
4770 45 
4771 120 
4772 1 
4773 0 
4774 130 
4775 0 
4776 1 
4777 10 
4778 21 
4779 0 
4780 7 
4781 8 
4782 61 
4783 1 
4784 157 
4785 201 
4786 0 
4787 2 
4788 3 
4789 168 
4790 0 
4791 27 
4792 61 
4793 1 
4794 7 
4795 9 
4796 0 
4797 190 
4798 7 
4799 21 
4800 1 
4801 190 
4802 57 
4803 186 
4804 0 
4805 1 
4806 2 
4807 156 
4808 204 
4809 10 
4810 7 
4811 9 
4812 56 
4813 27 
4814 9 
4815 3 
4816 1 
4817 196 
4818 139 
4819 139 
4820 207 
4821 40 
4822 2 
4823 3 
4824 21 
4825 12 
3837 2 
4826 21 
4827 0 
4828 0 
4829 14 
4830 1 
4831 156 
4832 21 
4833 10 
4834 21 
4835 8 
4836 27 
4837 77 
4838 194 
4839 92 
4840 136 
4841 7 
4842 32 
4843 10 
4844 21 
4845 10 
4846 106 
4847 57 
4848 9 
4849 0 
4850 2 
4574 1 
4851 18 
4852 190 
4853 59 
26 10 
4854 21 
4855 2 
4856 21 
4857 0 
4858 1 
4859 2 
4860 14 
4861 110 
4862 139 
4863 1 
4864 10 
4865 12 
4866 9 
4867 84 
4868 1 
4869 10 
4870 7 
4871 204 
4872 1 
4873 2 
4874 10 
4875 7 
4876 9 
4877 0 
4878 1 
4879 190 
4880 21 
4881 0 
4882 2 
4883 10 
4884 64 
4885 9 
4886 0 
4887 208 
4888 10 
4889 7 
4890 168 
4891 0 
4892 0 
4893 208 
4894 27 
4895 0 
4896 21 
4897 0 
4898 208 
4899 59 
4900 3 
4901 158 
4902 0 
4903 0 
4904 208 
4905 10 
4906 64 
4907 28 
4908 0 
4909 2 
4910 59 
4911 7 
4912 65 
4913 0 
4914 1 
4915 2 
4916 10 
4917 92 
4918 0 
4919 1 
4920 2 
4921 10 
4922 136 
4923 209 
4924 0 
4925 1 
4926 2 
4927 10 
4928 64 
4929 0 
4930 1 
4931 2 
4932 10 
4933 7 
4934 0 
4935 27 
4936 7 
4937 0 
4938 61 
4939 0 
4940 3 
4941 56 
4942 1 
4943 10 
4944 168 
4945 0 
4946 63 
4947 59 
4948 3 
4949 61 
4950 2 
4951 21 
4952 56 
4953 6 
4954 210 
4955 21 
4956 0 
4957 2 
4958 21 
4959 2 
4960 21 
4961 61 
4962 1 
4963 2 
4964 136 
4965 0 
4966 20 
4967 83 
4968 206 
4969 2 
4970 10 
4971 0 
4972 27 
4973 0 
4974 0 
4975 0 
4976 208 
4977 27 
4978 90 
4979 9 
4980 0 
4981 175 
4982 210 
4909 2 
4983 0 
4984 30 
4985 21 
4986 204 
4987 83 
4988 21 
4989 0 
4990 175 
4991 1 
4992 27 
4993 12 
4994 12 
4995 194 
4996 63 
4997 0 
4998 2 
4999 92 
5000 21 
5001 14 
5002 136 
5003 0 
5004 86 
5005 21 
4886 85 
5006 210 
5007 0 
5008 1 
5009 27 
5010 9 
5011 61 
5012 211 
5013 153 
5014 24 
5015 0 
5016 1 
5017 43 
5018 10 
5019 28 
5020 2 
5021 21 
5022 0 
5023 1 
5024 2 
5025 10 
5026 21 
5027 106 
5028 61 
5029 1 
5030 84 
5031 2 
5032 0 
5033 1 
5034 27 
5035 12 
5036 1 
5037 2 
5038 175 
5039 7 
5040 0 
5041 2 
5042 47 
5043 0 
5044 2 
5045 12 
5046 0 
5047 1 
5048 2 
5049 12 
5050 0 
5051 212 
5052 0 
5053 1 
5054 2 
5055 0 
5056 1 
5057 10 
5058 56 
5059 1 
5060 0 
5061 0 
5062 190 
5063 100 
5064 9 
5065 0 
5066 0 
5067 2 
5068 27 
5069 83 
5070 106 
5071 6 
5072 20 
5073 21 
5074 0 
5075 0 
5076 2 
5077 10 
5078 0 
5079 0 
5080 28 
5081 21 
5082 0 
5083 1 
5084 2 
5085 47 
5086 0 
5087 1 
5088 10 
5089 47 
5090 61 
5091 92 
5092 1 
5093 12 
5094 5 
5095 83 
5096 56 
5097 136 
5098 0 
5099 98 
5100 10 
5101 8 
5102 21 
5103 0 
5104 30 
5105 33 
5106 27 
5107 0 
5108 0 
5109 2 
5110 83 
5111 0 
5112 0 
5113 0 
5114 61 
5115 33 
5116 129 
5117 0 
5118 10 
5119 50 
5120 197 
5121 29 
5122 21 
5123 27 
5124 36 
5125 213 
5126 0 
5127 27 
5128 21 
5129 1 
5130 2 
5131 21 
5132 2 
5133 21 
5134 136 
5135 156 
5136 1 
5137 1 
5138 20 
5139 65 
5140 0 
5141 213 
5142 0 
5143 106 
5144 14 
5145 214 
5146 1 
5147 64 
5148 1 
5149 0 
5150 2 
5151 86 
5152 21 
5153 1 
5154 1 
5155 2 
5156 10 
5157 9 
5158 59 
5159 0 
5160 43 
5161 1 
5162 21 
5163 2 
5164 12 
5165 21 
5166 9 
5167 0 
5168 213 
5169 27 
5170 64 
5171 38 
5172 7 
5173 100 
5174 92 
5175 9 
5176 0 
5177 0 
5178 40 
5179 0 
5180 172 
5181 0 
5182 12 
5183 0 
5184 27 
5185 12 
5186 0 
5187 0 
5188 30 
5189 39 
5190 0 
5191 2 
544 10 
5192 210 
5193 0 
5194 2 
5195 12 
5196 21 
5197 194 
5198 10 
5199 2 
5200 0 
5201 1 
5202 2 
5203 10 
5204 0 
5205 33 
5206 136 
5207 77 
5208 175 
5209 156 
5210 0 
5211 1 
5212 1 
5213 29 
5214 0 
5215 30 
5216 21 
5217 2 
5218 123 
5219 10 
5220 0 
5221 187 
5222 2 
5223 14 
5224 90 
5225 1 
5226 2 
5227 156 
5228 0 
5229 1 
5230 6 
5231 11 
5232 10 
5233 12 
5234 9 
5235 1 
5236 86 
5237 77 
5238 0 
5239 50 
5240 21 
5241 0 
5242 0 
5243 0 
5244 10 
5245 117 
5246 0 
5247 59 
5248 213 
5249 211 
5250 106 
5251 27 
5252 63 
5253 27 
5254 64 
5255 9 
5256 0 
5257 131 
5258 2 
5259 10 
5260 194 
5261 136 
5262 8 
5263 1 
5264 21 
5265 0 
5266 9 
5267 0 
5268 1 
5269 12 
5270 3 
5271 56 
5272 0 
5273 0 
5274 30 
5275 10 
5276 21 
5277 61 
5278 7 
5279 21 
5280 2 
5281 3 
5282 1 
5283 21 
5284 64 
5285 0 
5286 10 
5287 7 
5288 0 
5289 10 
5290 12 
5291 208 
5292 208 
5293 27 
5294 0 
5295 1 
5296 21 
5297 21 
5298 1 
5299 7 
5300 1 
5301 10 
5302 7 
5303 1 
5304 2 
5305 14 
1751 44 
5306 2 
5307 10 
5308 83 
5309 35 
5310 2 
5311 29 
5312 0 
5313 1 
5314 2 
5315 10 
5316 7 
5317 95 
5318 2 
5319 10 
5320 0 
5321 1 
5322 2 
5323 98 
5324 156 
5325 8 
5326 0 
5327 208 
5328 10 
5329 215 
5330 0 
5331 211 
5332 0 
5333 0 
5334 12 
5335 21 
5336 216 
5337 106 
5338 59 
5339 8 
5340 13 
5341 43 
5342 103 
5343 8 
5344 30 
5345 0 
5346 2 
5347 7 
5348 117 
5349 0 
5350 0 
5351 2 
5352 10 
5353 21 
5354 99 
5355 194 
5356 10 
5357 136 
5358 21 
5359 0 
5360 1 
5361 2 
5362 10 
5363 156 
5364 21 
5365 0 
5366 1 
5367 2 
5368 7 
5369 0 
5370 1 
5371 2 
5372 10 
5373 92 
5374 2 
5375 217 
5376 0 
5377 12 
5378 8 
5379 64 
5380 1 
5381 10 
5382 21 
5383 0 
5384 217 
5385 211 
5386 74 
5387 144 
5388 106 
5389 59 
5390 217 
5391 117 
5392 1 
5393 62 
5394 2 
5395 61 
5396 83 
5397 9 
5398 64 
5399 2 
5400 218 
5401 1 
5402 1 
5403 215 
5404 1 
5405 0 
5406 217 
5407 18 
5408 56 
5409 13 
5410 62 
5411 65 
5412 123 
5413 21 
5414 0 
5415 106 
5416 219 
5417 0 
5418 2 
5419 10 
5420 136 
5421 9 
5422 0 
5423 21 
5424 12 
5425 21 
5426 0 
5427 84 
5428 7 
5429 0 
5430 10 
5431 0 
5329 215 
5432 0 
5433 0 
5434 217 
5435 21 
5436 1 
5437 2 
5438 21 
5439 1 
5440 0 
5441 1 
5442 85 
5443 61 
5444 30 
5445 0 
5446 0 
5447 10 
5448 21 
5449 0 
5450 1 
5451 7 
5452 10 
5453 218 
5454 1 
5455 217 
5456 33 
5457 2 
5458 128 
5459 27 
5460 217 
5461 2 
5462 2 
5463 21 
5464 0 
5465 9 
5466 0 
5467 2 
5468 2 
5469 10 
5470 21 
5471 1 
5472 0 
5473 21 
5474 0 
5475 217 
5476 0 
5477 208 
5478 59 
5479 54 
5480 0 
5481 0 
4904 208 
5482 2 
5483 38 
5484 58 
5485 0 
5486 0 
5487 2 
5488 10 
5489 92 
5490 0 
5491 1 
5492 27 
5493 21 
5494 1 
5495 156 
5496 1 
5497 10 
5498 220 
5499 0 
5500 156 
5501 1 
5502 2 
5503 7 
5504 65 
5505 0 
5506 1 
5507 10 
5508 7 
5509 132 
5510 52 
5511 21 
5512 2 
5513 221 
5514 1 
5515 13 
5516 59 
5517 0 
5518 0 
5519 21 
5520 6 
5521 21 
5522 1 
5523 21 
5524 0 
5525 21 
5526 7 
5527 9 
5528 14 
5529 12 
5530 167 
5531 27 
5532 0 
5533 1 
5534 168 
5535 12 
5536 55 
5537 57 
5538 2 
5539 10 
5540 222 
5541 77 
4887 208 
5542 223 
5543 0 
5544 12 
5545 21 
5546 0 
5547 0 
5548 59 
5549 21 
5550 0 
5551 27 
5552 21 
5553 35 
5554 0 
5555 2 
5556 12 
5557 61 
5558 206 
5559 65 
5560 0 
5561 156 
5562 0 
5563 12 
5564 8 
5565 0 
5566 86 
5567 0 
5568 1 
5569 98 
5570 156 
5571 18 
5572 0 
5573 0 
5574 12 
5575 56 
5576 13 
5577 33 
5578 224 
5579 0 
5580 13 
5581 27 
5582 123 
5583 2 
5584 6 
5585 0 
5586 225 
5587 0 
5588 1 
5589 194 
5590 0 
5591 10 
5592 8 
5593 21 
5594 0 
5595 152 
5596 167 
5597 33 
5598 217 
5599 40 
5600 1 
5601 2 
5602 10 
5603 156 
5604 8 
5605 0 
5606 1 
5607 10 
5608 136 
5609 0 
5610 206 
5611 223 
5612 207 
5613 0 
5614 12 
5615 107 
5616 194 
5617 96 
5618 217 
5619 8 
5620 0 
5621 2 
5622 0 
5623 2 
5624 115 
5625 21 
5626 0 
5627 149 
5628 0 
5629 1 
5630 2 
5631 84 
5425 21 
5632 14 
5633 181 
5634 8 
5635 0 
5636 136 
5637 0 
5638 226 
5639 30 
5640 28 
5641 100 
5642 21 
5643 0 
5644 0 
4982 156 
5645 21 
5646 227 
5647 0 
5648 172 
5649 21 
5650 35 
5651 6 
5652 56 
5653 7 
5654 149 
5655 0 
5656 228 
5657 229 
5658 0 
5659 0 
5660 45 
5661 0 
5662 216 
5663 175 
5664 115 
5665 29 
5666 0 
5667 208 
5668 2 
5669 123 
5670 0 
5671 210 
5672 33 
5673 10 
5674 52 
5675 21 
5676 194 
5677 0 
5678 2 
5679 35 
4862 219 
5680 136 
5681 16 
5682 0 
5683 230 
5684 0 
5685 0 
5686 226 
5687 0 
5688 2 
5689 0 
5690 21 
5691 1 
5692 224 
5693 156 
5694 0 
5695 0 
5696 208 
5697 106 
5698 1 
5699 2 
5700 230 
5701 1 
5702 2 
5703 7 
5704 9 
5705 10 
5706 12 
5707 10 
5708 12 
5709 190 
5710 10 
5711 136 
5712 21 
5713 28 
5714 230 
5715 8 
5716 77 
5717 0 
5718 2 
5719 27 
5720 165 
5721 21 
5722 2 
5723 12 
5724 0 
5725 49 
5726 139 
5727 0 
5728 0 
5729 92 
5730 2 
5731 10 
5732 56 
5733 27 
5734 0 
5735 9 
5736 0 
5737 0 
5738 2 
5739 186 
5740 0 
5741 2 
5742 210 
5743 2 
5744 6 
5745 9 
5746 0 
3460 90 
5747 0 
5748 1 
5749 0 
5750 10 
5751 21 
5752 92 
5753 10 
5754 12 
5755 33 
5756 44 
5757 0 
5758 8 
5759 12 
5760 0 
5761 30 
5762 3 
5763 0 
5764 2 
5765 8 
5766 123 
5767 0 
5768 36 
5769 209 
5770 0 
5771 0 
5772 21 
5773 21 
5774 1 
5775 10 
5776 0 
5777 12 
5778 216 
5779 21 
5780 1 
5781 64 
5782 21 
5783 33 
5784 6 
5785 30 
5786 3 
5787 21 
5788 29 
5789 1 
5790 128 
5791 172 
5792 27 
5793 0 
5794 2 
5795 0 
5796 0 
5797 2 
5798 92 
5799 1 
5800 38 
5801 11 
5802 9 
5803 3 
5804 1 
5805 14 
5806 208 
5807 0 
5808 0 
5809 106 
5810 90 
5811 11 
5812 36 
5813 0 
5814 21 
5815 0 
5816 21 
5817 21 
5818 30 
5819 30 
5820 21 
5821 14 
5822 136 
5823 96 
5824 208 
5825 221 
5826 1 
5827 14 
5828 1 
5829 107 
5830 0 
5831 2 
5832 1 
5833 86 
5834 21 
5835 0 
5836 21 
5837 84 
5838 217 
5839 87 
5840 59 
5841 2 
5842 36 
5843 139 
5844 0 
5845 0 
5846 21 
5847 21 
5848 7 
5849 21 
5850 36 
5851 156 
5852 2 
5853 231 
5854 8 
5855 2 
5856 8 
5857 21 
5858 8 
5859 29 
5860 0 
5861 232 
5862 65 
5863 21 
5864 123 
5865 210 
5866 136 
4865 12 
5867 6 
5868 0 
5869 10 
5870 59 
5871 213 
5872 0 
5873 3 
5874 41 
5875 65 
5876 61 
5877 1 
5878 2 
5879 3 
5880 77 
5881 0 
5882 1 
5883 2 
5884 9 
5885 0 
5886 2 
5887 11 
5888 0 
5889 1 
5890 2 
5891 10 
5892 7 
5893 9 
5894 84 
5895 1 
5896 86 
5897 10 
5898 3 
5899 21 
5900 196 
5901 1 
5902 2 
5903 210 
5904 160 
5905 56 
5906 206 
5907 10 
5908 64 
5909 168 
5910 0 
5911 56 
5912 59 
5913 213 
5914 9 
5915 56 
5916 106 
5917 208 
5918 27 
5919 3 
5920 158 
5921 0 
5922 0 
5923 208 
5924 59 
5925 186 
5926 0 
5927 1 
5928 208 
5929 6 
5930 210 
5931 199 
5932 0 
5933 1 
5934 208 
5935 7 
5936 9 
5937 28 
5938 1 
5939 2 
5940 21 
5941 61 
5942 1 
5943 2 
5944 61 
5945 1 
5946 2 
5947 10 
5948 7 
5949 9 
5950 120 
5951 1 
5952 2 
5953 9 
5954 0 
5955 1 
5956 217 
5957 233 
5958 1 
5959 10 
5960 7 
5961 204 
5962 10 
5963 77 
5964 7 
5965 9 
5966 0 
5967 7 
5968 61 
5969 2 
5970 213 
5971 0 
5972 27 
5973 217 
5974 158 
5975 2 
5976 9 
5977 1 
5978 2 
5979 10 
5980 92 
5981 10 
5982 136 
5983 9 
5984 0 
5985 20 
5986 9 
5987 0 
5988 1 
5989 187 
5990 0 
5135 156 
5991 209 
5992 0 
5993 86 
5994 0 
5995 56 
5996 9 
5997 0 
5998 125 
5999 9 
6000 2 
6001 83 
6002 1 
6003 77 
6004 0 
6005 2 
6006 9 
6007 0 
6008 30 
6009 3 
6010 0 
6011 10 
6012 61 
6013 58 
6014 0 
6015 217 
6016 2 
6017 156 
6018 0 
6019 199 
6020 40 
6021 208 
6022 8 
6023 56 
6024 213 
6025 85 
6026 106 
5106 106 
6027 1 
6028 21 
6029 208 
6030 8 
6031 0 
6032 1 
6033 106 
6034 10 
6035 36 
6036 99 
5946 2 
6037 21 
6038 56 
6039 3 
6040 213 
6041 0 
6042 1 
6043 2 
6044 221 
6045 0 
6046 1 
6047 10 
6048 27 
6049 0 
6050 12 
6051 220 
6052 107 
6053 0 
6054 0 
6055 43 
6056 224 
6057 173 
6058 6 
6059 1 
6060 12 
6061 194 
6062 136 
6063 13 
6064 0 
6065 10 
6066 8 
6067 1 
6068 12 
6069 2 
6070 14 
6071 136 
6072 156 
6073 0 
6074 47 
6075 134 
5860 0 
6076 175 
6077 213 
6078 0 
6079 232 
6080 194 
6081 96 
6082 0 
6083 27 
6084 21 
6085 14 
6086 149 
6087 1 
6088 26 
6089 1 
6090 2 
6091 0 
6092 1 
5226 2 
6093 52 
6094 21 
6095 84 
6096 86 
6097 10 
6098 0 
6099 10 
6100 0 
6101 0 
6102 0 
6103 0 
6104 213 
6105 211 
6106 27 
6107 0 
6108 0 
6109 176 
6110 165 
6111 0 
6112 234 
6113 0 
6114 1 
6115 85 
6116 1 
6117 194 
6118 100 
6119 8 
6120 0 
6121 1 
6122 2 
6123 156 
6124 21 
6125 0 
6126 1 
6127 10 
6128 7 
6129 21 
6130 0 
6131 59 
6132 16 
6133 1 
6134 0 
6135 1 
6136 235 
6137 77 
6138 0 
6139 2 
6140 7 
6141 139 
6142 194 
6143 10 
6144 1 
6145 21 
6146 216 
6147 63 
6148 175 
6149 32 
6150 0 
6151 208 
6152 10 
6153 1 
6154 2 
6155 6 
6156 21 
6157 0 
6158 1 
6159 21 
6160 194 
6161 10 
6162 21 
6163 0 
6164 14 
6165 52 
6166 7 
6167 139 
6168 12 
6169 0 
6170 56 
6171 0 
6172 115 
5417 0 
6173 21 
6174 21 
6175 222 
6176 21 
6177 208 
6178 10 
6179 231 
6180 0 
6181 0 
6182 217 
6183 2 
6184 27 
6185 0 
6186 156 
6187 0 
6188 102 
6189 1 
6190 2 
6191 9 
6192 85 
6193 7 
6194 27 
6195 12 
6196 14 
6197 21 
6198 156 
6199 11 
6200 61 
6201 21 
6202 30 
6203 39 
6204 43 
6205 86 
6206 3 
6207 1 
6208 98 
6209 1 
6210 217 
6211 7 
6212 0 
6213 139 
6214 0 
6215 10 
6216 223 
6217 0 
6218 0 
6219 21 
6220 190 
6221 96 
6222 3 
6223 9 
6224 61 
6225 0 
6226 27 
6227 0 
6228 13 
6229 57 
6230 2 
6231 209 
6232 1 
6233 27 
6234 50 
6235 3 
6236 77 
6237 13 
6238 236 
6239 211 
6240 0 
6241 8 
6242 43 
6243 8 
6244 1 
6245 30 
6246 21 
6247 2 
6248 29 
6249 0 
6250 14 
6251 217 
6252 156 
6253 21 
6254 141 
6255 24 
6256 8 
6257 222 
6258 21 
6259 0 
6260 1 
6261 0 
6262 237 
6263 2 
6264 96 
6265 117 
6266 30 
6267 1 
6268 30 
6269 21 
6270 7 
6271 21 
6272 0 
6273 10 
6274 21 
6275 86 
6276 10 
6277 90 
6278 9 
6279 1 
6280 238 
6281 239 
6282 21 
6283 1 
6284 220 
6285 8 
6286 1 
6287 0 
6288 0 
6289 1 
6290 226 
6291 21 
6292 1 
6293 96 
6294 8 
6295 1 
6296 194 
6297 0 
6298 7 
6299 175 
6300 156 
6301 2 
6302 12 
6303 136 
6304 102 
6305 229 
6306 188 
6307 129 
6308 9 
6309 123 
6310 33 
6311 2 
6312 156 
6313 0 
6314 2 
6315 7 
6316 12 
6317 240 
6318 156 
6319 0 
6320 234 
6321 241 
6322 21 
6323 0 
6324 0 
6325 0 
6326 13 
6327 172 
6328 134 
6329 12 
6330 0 
6331 136 
6332 64 
6333 21 
6334 3 
6335 242 
5468 2 
6336 229 
6337 234 
6338 0 
6339 123 
6340 27 
6341 30 
6342 0 
6343 30 
6344 61 
6345 0 
6346 0 
6347 59 
6348 106 
6349 8 
6350 208 
6351 8 
6352 14 
6353 230 
6354 8 
6355 0 
6356 0 
6357 13 
6358 0 
6359 176 
6360 0 
6361 49 
6362 87 
6363 175 
6364 21 
6365 1 
6366 0 
6367 21 
6368 0 
6369 43 
6370 59 
6371 208 
6372 190 
6373 2 
6374 0 
6375 1 
6376 77 
6377 10 
6378 12 
6379 12 
6380 0 
6381 7 
6382 21 
6383 0 
6384 0 
6385 0 
4945 0 
6386 0 
6387 43 
6388 96 
6389 21 
6390 21 
6391 0 
6392 127 
6393 194 
6394 0 
6395 21 
6396 1 
6397 171 
6398 0 
6399 40 
6400 0 
6401 0 
6402 30 
6403 21 
6404 0 
6405 0 
6406 21 
6407 0 
6408 0 
6409 61 
6410 194 
6411 49 
6412 0 
6413 1 
6414 156 
6415 35 
6416 65 
6417 0 
6418 0 
4894 0 
6419 0 
6420 217 
6421 8 
6422 194 
6229 3 
6423 172 
6424 86 
6425 0 
6426 21 
6427 0 
6428 136 
6429 21 
6430 0 
6431 21 
6432 231 
6433 21 
6434 10 
6435 2 
6436 136 
6437 59 
6438 43 
6439 14 
6440 40 
6441 21 
6442 1 
6443 12 
6444 21 
6445 136 
6446 59 
6447 43 
6448 17 
6449 14 
6450 241 
6451 156 
6452 21 
6453 61 
6454 7 
6455 0 
6456 211 
6268 208 
6457 96 
6458 7 
6459 40 
6460 2 
790 239 
6461 1 
6462 243 
6463 57 
6464 244 
6465 27 
6466 32 
6467 210 
6468 28 
6469 10 
6470 3 
6471 21 
6472 210 
6473 2 
6474 175 
6475 217 
6476 1 
6477 7 
6478 2 
6479 8 
6480 0 
6481 156 
6482 21 
6483 106 
6484 7 
6485 1 
6486 64 
6487 56 
6488 0 
6489 14 
6490 13 
6491 63 
6492 0 
6493 77 
6494 102 
6495 21 
6496 0 
6497 0 
6498 2 
6499 7 
6500 0 
6501 64 
6502 0 
6503 9 
6504 0 
6505 2 
6506 86 
6507 206 
6508 3 
6509 216 
6510 194 
6511 0 
6512 28 
6513 90 
6514 210 
6515 14 
6516 136 
6517 14 
6518 2 
6519 96 
6520 239 
6521 0 
6522 155 
6523 2 
6524 136 
6525 0 
6526 0 
6527 2 
6528 96 
6529 186 
6530 208 
6531 21 
6532 201 
6533 136 
6534 1 
6535 204 
6536 245 
6537 28 
6538 246 
6539 84 
6540 247 
6541 40 
6542 0 
6543 21 
6544 2 
6545 0 
6546 1 
6547 100 
6548 242 
6549 30 
6550 1 
6551 0 
6552 1 
6553 194 
6554 10 
6555 0 
6556 1 
6557 0 
6558 1 
6559 238 
6560 239 
6561 1 
6562 100 
6563 0 
6564 59 
6565 0 
6566 45 
6567 2 
6568 12 
6569 86 
6570 208 
6571 86 
6572 206 
6573 0 
6574 47 
6575 0 
6576 0 
6577 0 
6578 2 
6579 32 
6580 156 
6581 21 
6582 7 
6583 9 
6584 0 
6585 40 
6586 59 
6587 106 
6588 2 
6589 0 
6590 21 
6591 61 
2194 2 
6592 65 
6593 0 
6594 56 
6595 27 
6596 186 
6597 21 
6598 6 
6599 2 
6600 2 
6601 10 
6602 156 
6603 2 
6604 159 
6605 1 
6606 2 
6607 59 
6608 3 
6609 204 
6610 1 
6611 156 
6612 204 
6613 248 
6614 208 
6615 157 
6616 157 
6617 125 
6618 157 
6619 6 
6620 21 
6621 202 
6622 2 
6623 7 
6624 157 
6625 10 
6626 57 
6627 21 
6628 159 
6629 1 
6630 96 
6631 1 
6632 7 
6633 160 
6634 248 
6635 1 
6636 249 
6637 59 
6638 21 
5107 93 
6639 6 
6640 21 
6641 62 
6642 9 
76 0 
6643 30 
6644 217 
6645 250 
6646 2 
6647 156 
6648 251 
6649 9 
6650 56 
6651 1 
6652 0 
6653 106 
6654 8 
6655 157 
6656 59 
6657 64 
6658 186 
6659 1 
6660 10 
6661 61 
6662 9 
6663 92 
6664 9 
6665 27 
6666 7 
6667 9 
6668 77 
6669 95 
6670 2 
6671 9 
6672 0 
6673 0 
6674 1 
6675 208 
6676 27 
6677 57 
6678 208 
6679 58 
6680 0 
6681 56 
6682 217 
6683 21 
6684 84 
6685 7 
6686 10 
6687 9 
6688 0 
6689 9 
6690 1 
6691 0 
6040 0 
6692 157 
6693 0 
6694 190 
6695 7 
6696 28 
6697 9 
6698 9 
6699 2 
6700 2 
6701 172 
6702 7 
6703 5 
6704 2 
6705 12 
6706 0 
6707 175 
6708 8 
6709 10 
6710 65 
6711 2 
6712 27 
6713 21 
6714 0 
6715 47 
6716 21 
6717 29 
6718 123 
6719 2 
6720 0 
6721 213 
6722 13 
6723 2 
6724 102 
6725 0 
6726 2 
6727 122 
6728 136 
6729 217 
6730 2 
6731 8 
6732 27 
6733 0 
6734 10 
6735 10 
6736 156 
6737 21 
6738 172 
6739 20 
6740 12 
6741 1 
6742 136 
6098 0 
6743 1 
6744 0 
6745 8 
6746 0 
6747 208 
6748 194 
6749 5 
6750 27 
6751 239 
6752 0 
6753 1 
6754 175 
6755 2 
6756 2 
6757 83 
6758 27 
6759 194 
6760 1 
6761 13 
6762 77 
6763 2 
6764 175 
6765 136 
6766 209 
6767 1 
6768 88 
6769 0 
6770 14 
6771 107 
6772 0 
6773 0 
6774 21 
6775 6 
6776 43 
6777 194 
6778 21 
6779 10 
6780 21 
6781 96 
6782 2 
6783 124 
6784 201 
6785 221 
6786 56 
6787 1 
6788 124 
6789 0 
6790 221 
6791 0 
6792 2 
6793 59 
6794 0 
6795 61 
6796 86 
6797 158 
6798 77 
6799 7 
6800 21 
6801 218 
6802 104 
6803 21 
6804 194 
6805 0 
6806 2 
6807 156 
6808 56 
6809 10 
6810 106 
6811 0 
6812 0 
6813 168 
6814 0 
6815 0 
6816 7 
6817 211 
6818 96 
6819 61 
6820 6 
6821 168 
6822 0 
6823 2 
6824 10 
6825 21 
6826 3 
6827 0 
6828 28 
6829 2 
6830 10 
6807 20 
6831 160 
6832 7 
6833 10 
6834 92 
6835 0 
6836 12 
6837 95 
6838 2 
6839 10 
6840 222 
6841 158 
6842 208 
6843 221 
6844 208 
6845 252 
6846 1 
6847 43 
6848 59 
6849 21 
6850 0 
6851 9 
6852 65 
6853 253 
6854 8 
6855 0 
6856 217 
6857 40 
6858 166 
6859 0 
6860 92 
6861 0 
6862 221 
6863 0 
6864 215 
6865 0 
6866 252 
6867 0 
6868 0 
6869 208 
6870 208 
6871 2 
6872 20 
6873 0 
6874 2 
6875 0 
6876 86 
6877 31 
6878 61 
6879 223 
6880 0 
6881 21 
6882 211 
6883 0 
6884 59 
6885 0 
6886 8 
6887 21 
6888 27 
6889 1 
6890 6 
6891 1 
6892 12 
6893 56 
6894 1 
6895 1 
6896 230 
6897 0 
6898 0 
6899 0 
6900 0 
6901 0 
6902 28 
6903 21 
6904 2 
6905 1 
6906 61 
6907 1 
6908 194 
6909 10 
6910 1 
6911 20 
6912 10 
6913 7 
6231 77 
6914 1 
6915 2 
6916 21 
6917 27 
6918 0 
6919 9 
6920 21 
6921 136 
6922 7 
6923 0 
6924 0 
6925 0 
6926 0 
6927 2 
6928 9 
6929 77 
6930 84 
6931 0 
6932 2 
6933 3 
6934 85 
6935 158 
5328 208 
5617 59 
6936 90 
6937 160 
6938 0 
6939 8 
6940 1 
6941 175 
6942 136 
6943 1 
6944 0 
6945 0 
6946 0 
6947 21 
6948 254 
6949 12 
6950 61 
6951 208 
6952 0 
6953 255 
6954 208 
6955 44 
6956 2 
6957 10 
6958 156 
6959 0 
6960 0 
6961 210 
6962 129 
6963 0 
6964 1 
5503 7 
6965 8 
6966 0 
6967 2 
6968 0 
6969 14 
6970 256 
6971 21 
6972 30 
6973 2 
6974 96 
6975 208 
6976 2 
6977 21 
6978 29 
6979 2 
6980 172 
6981 87 
6982 0 
6983 12 
6984 40 
6985 12 
6986 0 
6987 256 
6988 86 
6989 3 
4907 85 
6990 122 
6991 0 
6992 33 
6993 172 
6994 14 
6995 256 
6996 257 
6997 43 
6998 6 
6999 21 
7000 86 
7001 156 
1784 1 
7002 27 
7003 194 
7004 0 
7005 12 
7006 2 
7007 107 
7008 8 
7009 1 
7010 187 
7011 2 
7012 0 
7013 7 
7014 83 
7015 0 
7016 1 
7017 0 
7018 0 
7019 21 
7020 258 
7021 2 
7022 0 
7023 0 
7024 239 
7025 0 
7026 0 
7027 256 
7028 2 
7029 2 
7030 9 
7031 0 
7032 6 
7033 259 
7034 9 
7035 8 
7036 0 
7037 8 
7038 2 
7039 9 
7040 21 
7041 1 
7042 217 
7043 77 
673 56 
7044 21 
7045 12 
7046 8 
7047 1 
7048 187 
7049 4 
7050 2 
7051 30 
7052 3 
7053 6 
7054 3 
7055 106 
7056 260 
5157 65 
5157 65 
7057 21 
7058 256 
7059 2 
7060 0 
7061 2 
7062 261 
7063 216 
7064 136 
7065 8 
7066 209 
7067 0 
7068 6 
7069 9 
7070 36 
7071 40 
7072 0 
7073 77 
6062 3 
7074 64 
7075 21 
7076 2 
7077 262 
7078 21 
7079 59 
7080 21 
7081 59 
7082 256 
7083 59 
7084 210 
7085 2 
7086 9 
7087 1 
7088 3 
7089 65 
7090 9 
7091 208 
7092 56 
7093 26 
7094 21 
7095 6 
7096 95 
7097 9 
7098 136 
7099 1 
7100 7 
7101 210 
7102 208 
7103 58 
7104 28 
7105 106 
7106 0 
7107 206 
7108 65 
7109 2 
7110 27 
5960 7 
7111 0 
7112 21 
7113 5 
7114 156 
7115 21 
7116 32 
7117 95 
7118 0 
7119 2 
7120 129 
7121 0 
7122 9 
7123 10 
7124 12 
7125 0 
7126 217 
7127 2 
7128 77 
5939 86 
7129 156 
7130 0 
7131 172 
7132 9 
7133 0 
7134 10 
7135 156 
18 84 
35 0 
7136 2 
7137 1 
7138 187 
7139 1 
7140 58 
7141 1 
7142 85 
7143 263 
7144 10 
7145 21 
7146 156 
7147 10 
7148 52 
7149 9 
7150 2 
7151 0 
7152 160 
7153 90 
7154 12 
7155 21 
7156 86 
7157 84 
7158 0 
7159 61 
50 27 
7160 228 
7161 21 
7162 232 
7163 36 
7164 9 
7165 95 
7166 0 
7167 0 
7168 0 
7169 6 
7170 92 
7171 21 
7172 34 
7173 0 
7174 0 
7175 55 
7176 0 
7177 6 
7178 96 
7179 217 
7180 0 
7181 1 
7182 169 
7183 1 
7184 2 
7185 1 
7186 14 
7187 0 
7188 0 
7189 217 
7190 1 
7191 2 
7192 21 
7193 10 
7194 12 
7195 194 
7196 8 
7197 117 
7198 2 
7199 9 
7200 44 
7201 136 
5228 0 
6300 210 
7202 10 
7203 130 
7204 221 
7205 1 
6842 0 
7206 0 
7207 216 
7208 106 
7209 50 
7210 194 
7211 6 
6872 20 
7212 9 
7213 10 
7214 7 
7215 194 
7216 231 
7217 216 
7218 104 
7219 45 
7220 0 
7221 0 
7222 264 
4907 0 
7223 27 
7224 221 
5415 194 
7225 58 
7226 194 
7227 21 
7228 156 
7229 136 
7230 256 
7231 21 
7232 0 
7233 226 
7234 21 
7235 1 
7236 119 
7237 0 
7238 21 
6287 0 
7239 0 
7240 223 
7241 21 
7242 0 
7243 0 
7244 30 
7245 208 
7246 136 
7247 85 
7248 0 
7249 0 
7250 0 
7251 9 
7252 0 
7253 2 
7254 21 
7255 1 
7256 95 
7257 0 
7258 7 
1754 1 
7259 12 
7260 86 
7261 3 
7262 234 
7263 0 
5610 1 
7264 21 
7265 0 
7266 14 
7267 21 
6972 123 
7268 129 
7269 43 
7270 0 
7271 107 
7272 0 
7273 10 
7274 0 
7275 12 
7276 1 
7277 172 
7278 2 
7279 2 
7280 87 
7281 43 
7282 12 
7283 254 
7284 74 
7285 154 
7286 0 
7287 1 
7288 7 
7289 0 
7290 233 
7291 0 
7292 0 
7293 124 
7294 0 
7295 0 
7296 0 
7297 9 
7298 3 
7299 2 
7300 208 
7301 10 
7302 0 
7303 136 
7304 0 
7305 7 
7306 8 
7307 194 
7308 21 
6360 61 
7309 7 
7310 4 
7311 0 
7312 12 
7313 3 
7314 210 
7315 18 
7316 85 
7317 136 
7318 176 
7319 0 
7320 2 
7321 58 
7322 8 
7323 265 
7324 12 
7325 12 
7326 28 
7327 2 
7328 253 
7329 3 
7330 21 
7331 0 
7332 0 
7333 21 
7334 254 
7335 2 
7336 0 
7337 90 
7338 0 
7339 0 
7340 21 
7341 3 
7342 0 
7343 27 
7344 8 
7345 254 
7346 208 
7347 2 
7348 0 
7349 30 
7350 212 
7351 1 
7352 31 
7353 65 
7354 85 
7355 0 
7356 21 
7357 2 
7358 256 
7359 0 
7360 22 
7361 0 
7362 12 
7363 10 
7364 0 
7365 0 
7366 0 
7367 210 
7368 21 
7369 194 
7370 219 
7371 40 
7372 208 
7373 10 
7374 1 
7375 186 
7376 2 
7377 85 
7378 266 
7379 175 
7380 1 
7381 2 
7382 32 
7383 96 
7384 1 
7385 267 
7386 124 
7387 268 
7388 63 
7389 269 
7390 0 
7391 270 
7392 0 
7393 1 
7394 271 
7395 1 
5132 27 
7396 0 
7397 194 
7398 272 
7399 150 
7400 21 
7401 0 
7402 175 
7403 0 
7404 129 
7405 0 
7406 0 
7407 0 
7408 106 
7409 3 
7410 102 
7411 196 
7412 2 
7413 209 
7414 9 
7415 3 
7416 217 
7417 43 
7418 43 
7419 1 
7420 273 
7421 0 
7422 156 
7423 12 
7424 41 
7425 0 
7426 12 
7427 216 
7428 43 
7429 0 
7430 2 
7431 107 
7432 21 
7433 13 
7434 3 
7435 0 
7436 211 
7437 263 
7438 0 
7439 45 
7440 7 
7441 102 
7442 206 
7443 8 
7444 0 
7445 10 
7446 100 
7447 117 
7448 0 
7449 2 
7450 103 
7451 194 
7452 77 
7453 0 
7454 204 
7455 21 
7456 0 
7457 194 
7458 274 
7459 3 
7460 263 
7461 103 
7462 26 
7463 0 
7464 2 
7465 196 
7466 272 
7467 160 
7468 0 
7469 0 
7470 179 
7471 256 
7472 27 
7473 1 
7474 253 
7475 0 
7476 77 
7477 0 
7478 21 
7479 96 
7480 65 
7481 77 
7482 0 
7483 275 
7484 172 
7485 5 
7486 1 
7487 0 
7488 0 
7489 106 
7490 1 
7491 2 
7492 7 
1553 2 
7493 9 
7494 21 
7495 208 
7496 2 
7497 26 
5819 2 
7498 1 
7499 33 
7500 0 
7501 190 
7502 256 
7503 0 
7504 192 
7505 2 
7506 0 
379 187 
7507 2 
7508 156 
7509 61 
7510 12 
7511 2 
7512 208 
7513 0 
7514 0 
7515 186 
7516 9 
7517 106 
7518 172 
7519 2 
7520 160 
7521 43 
7522 90 
7523 0 
7524 1 
7144 10 
7525 1 
7526 0 
7527 2 
7528 1 
7529 8 
7530 0 
7531 10 
7532 166 
7533 0 
7534 276 
7535 55 
7536 207 
7537 28 
7538 92 
7539 115 
7540 0 
7541 1 
7542 238 
7543 106 
7544 153 
7545 3 
7546 2 
7547 0 
7548 2 
7549 208 
7550 43 
7551 194 
7552 8 
7553 0 
7554 1 
7269 2 
7555 0 
7556 1 
7557 2 
7558 219 
7559 27 
7560 12 
7561 43 
7562 30 
7563 224 
7564 2 
7565 21 
7566 3 
7567 21 
7568 57 
7569 27 
761 0 
7570 0 
7571 12 
7572 0 
7573 27 
7574 92 
7575 21 
7576 2 
7577 3 
7578 208 
7579 2 
7580 1 
7581 12 
7582 0 
7583 190 
7584 77 
7585 0 
7586 21 
7587 1 
7588 0 
7589 8 
7590 10 
7591 7 
7592 221 
7593 27 
7594 21 
7595 1 
7596 1 
7597 128 
7598 221 
7599 33 
7600 83 
7601 12 
7602 0 
7603 0 
7604 29 
7605 239 
7606 27 
7607 276 
7608 104 
7609 172 
7610 0 
7611 0 
7612 256 
7613 1 
7614 59 
7615 186 
7616 12 
7617 2 
7618 12 
7619 2 
7620 64 
7621 1 
7622 1 
7623 277 
7624 1 
7625 43 
7626 1 
7627 2 
7628 21 
7629 172 
7630 278 
7631 0 
7632 1 
7633 2 
7634 2 
7635 262 
1133 6 
7636 165 
7637 238 
7638 0 
7639 38 
7640 262 
7641 2 
7642 1 
7643 0 
7644 206 
7645 100 
7646 238 
7647 213 
7648 167 
7649 33 
7650 6 
7651 65 
7652 0 
7653 1 
7654 66 
7655 1 
7656 77 
7657 136 
7658 84 
7659 40 
7660 0 
7661 279 
7662 28 
7663 90 
7664 11 
7665 3 
7666 85 
7667 21 
7668 27 
7669 99 
7670 117 
7671 11 
7672 156 
7673 117 
1956 166 
7674 136 
7675 12 
7676 2 
7677 208 
7678 2 
7679 27 
7680 3 
7681 2 
7682 280 
7683 194 
7684 0 
7685 0 
7686 239 
7687 136 
7688 0 
7689 216 
7690 65 
7691 10 
7692 2 
7693 0 
7694 0 
7695 0 
7696 1 
7697 6 
7698 21 
7699 0 
7700 209 
7701 238 
7702 56 
7703 86 
7704 256 
7705 1 
7706 129 
7707 1 
7708 2 
7709 1 
7710 14 
7711 262 
7712 175 
7713 14 
7714 80 
7715 0 
7716 44 
7717 175 
7718 1 
7719 2 
7720 256 
7721 1 
7722 0 
7723 213 
7724 0 
7725 2 
7726 194 
7727 136 
7728 0 
7729 13 
7730 139 
7731 0 
7732 280 
7733 0 
7734 0 
7735 164 
7736 0 
7737 59 
7738 219 
7739 136 
7740 0 
7741 18 
7742 254 
7743 1 
7744 83 
7745 6 
7746 0 
7747 10 
7748 2 
7749 2 
7750 240 
7751 3 
7752 21 
7753 20 
7754 0 
7755 7 
7756 206 
7757 59 
7758 12 
7759 2 
7760 10 
7761 28 
7762 158 
7763 4 
7764 1 
7765 2 
7766 256 
7767 8 
7768 1 
7769 192 
7770 27 
7771 86 
7772 7 
7773 1 
7774 281 
7775 3 
6596 21 
7776 208 
7777 2 
7778 21 
7779 21 
7780 0 
7781 1 
7782 0 
7783 10 
7784 21 
7785 106 
7786 2 
7787 217 
7788 8 
7789 7 
7790 90 
7791 21 
7792 59 
7793 59 
7794 1 
7795 4 
7796 217 
7797 28 
7798 2 
7799 21 
7800 0 
7801 0 
7802 0 
7803 0 
7804 0 
7805 95 
7806 0 
7807 21 
7808 0 
7809 2 
7810 2 
7811 0 
7812 106 
7813 0 
7814 0 
7815 40 
7816 84 
7817 77 
7818 0 
7819 1 
7820 156 
7821 36 
7822 0 
7823 21 
7824 61 
7825 208 
7826 269 
7827 1 
7828 0 
7829 0 
7830 8 
7831 136 
7832 8 
7833 1 
7834 2 
7835 1 
7836 38 
7837 10 
7838 0 
7839 10 
7840 280 
7841 1 
7842 27 
7843 112 
7844 2 
7845 0 
7846 61 
7847 1 
7848 136 
7849 0 
7850 2 
7851 27 
7852 3 
7853 136 
7854 27 
7855 33 
7856 2 
7857 8 
7858 77 
7859 35 
7860 0 
7861 172 
7862 47 
7863 0 
7864 132 
7865 8 
7866 176 
7867 0 
7868 10 
7869 173 
7870 1 
7871 2 
7872 12 
7873 33 
7874 30 
7875 127 
7876 212 
7877 87 
7878 1 
7879 1 
7880 21 
7881 96 
7882 239 
7883 272 
7884 219 
7885 262 
7886 27 
7887 13 
7888 253 
7889 1 
7890 2 
7891 2 
7892 21 
7893 2 
7894 206 
7895 100 
7896 0 
7897 1 
7898 2 
7899 282 
7900 2 
7901 14 
7902 136 
7903 1 
209 263 
7904 256 
7905 206 
7906 14 
7907 180 
74 49 
7908 136 
7909 21 
7910 43 
7911 1 
7912 86 
7913 283 
7914 8 
7915 99 
7916 284 
7917 8 
7918 172 
7919 83 
7920 12 
7921 2 
7922 14 
7923 67 
7924 238 
7925 210 
7926 2 
7927 43 
7928 0 
7929 131 
7930 0 
7931 0 
7932 14 
7933 77 
7934 1 
7935 0 
7936 115 
7937 10 
7938 0 
7939 55 
7940 58 
7941 0 
7942 0 
7943 77 
7944 90 
7945 0 
203 267 
203 267 
7946 28 
7947 90 
7948 21 
7949 285 
7950 2 
7951 1 
7952 0 
7953 0 
7954 278 
7955 21 
7956 58 
7957 256 
7958 157 
7959 2 
7960 27 
7961 0 
7962 0 
7963 138 
7964 1 
7965 63 
7966 1 
7967 186 
7968 0 
7969 9 
7970 0 
7971 58 
7972 256 
7973 8 
7974 2 
7975 2 
7976 1 
7977 21 
7978 86 
7979 1 
7980 0 
7981 86 
7982 156 
7983 1 
7984 10 
7985 0 
7986 8 
7987 128 
7988 56 
7989 2 
7990 0 
7991 74 
7992 187 
7993 61 
7994 260 
7995 274 
7996 286 
7997 254 
7998 21 
7999 10 
8000 43 
8001 0 
8002 0 
8003 6 
8004 3 
8005 43 
8006 241 
8007 149 
8008 1 
8009 12 
8010 8 
8011 12 
8012 1 
8013 190 
8014 50 
8015 35 
8016 248 
434 2 
8017 0 
8018 12 
8019 129 
8020 0 
8021 106 
8022 136 
8023 158 
8024 159 
8025 0 
8026 0 
8027 231 
8028 0 
38 10 
8029 131 
8030 0 
8031 0 
8032 21 
8033 221 
8034 1 
8035 217 
8036 204 
8037 1 
8038 27 
8039 156 
8040 40 
8041 1 
8042 86 
8043 9 
8044 0 
8045 244 
8046 1 
8047 27 
8048 210 
8049 10 
8050 59 
8051 27 
8052 267 
8053 8 
8054 256 
8055 2 
8056 27 
8057 210 
8058 0 
8059 21 
8060 8 
8061 10 
8062 7 
8063 0 
8064 14 
8065 254 
8066 0 
8067 1 
8068 12 
8069 9 
8070 12 
8071 2 
8072 8 
8073 0 
8074 27 
8075 30 
8076 134 
8077 216 
8078 83 
8079 0 
8080 106 
8081 117 
8082 2 
8083 0 
8084 122 
8085 1 
8086 0 
8087 8 
8088 68 
8089 21 
8090 0 
8091 21 
8092 0 
8093 1 
8094 284 
8095 14 
8096 287 
8097 123 
8098 8 
8099 0 
8100 1 
8101 45 
8102 0 
8103 13 
8104 75 
8105 1 
8106 21 
8107 21 
8108 1 
8109 2 
8110 0 
8111 10 
8112 4 
8113 1 
8114 21 
8115 2 
8116 47 
8117 12 
8118 136 
8119 1 
8120 175 
8121 172 
8122 1 
8123 12 
8124 216 
8125 172 
8126 256 
8127 278 
8128 216 
8129 175 
8130 1 
8131 1 
8132 21 
8133 1 
8134 278 
848 1 
8135 0 
8136 106 
8137 276 
8138 2 
8139 0 
8140 1 
8141 8 
8142 86 
8143 10 
8144 1 
8145 129 
8146 288 
8147 241 
106 0 
8148 289 
8149 280 
8150 0 
8151 136 
8152 10 
8153 0 
8154 2 
8155 2 
8156 10 
8157 21 
8158 0 
8159 123 
8160 1 
8161 262 
8162 256 
8163 2 
8164 12 
8165 21 
8166 21 
8167 8 
8168 1 
8169 164 
8170 3 
8171 1 
8172 1 
8173 74 
8174 99 
8175 0 
8176 0 
8177 74 
8178 90 
8179 106 
8180 7 
8181 9 
8182 21 
8183 253 
8184 1 
8185 1 
8186 56 
8187 61 
8188 14 
8189 58 
8190 28 
8191 2 
8192 0 
8193 0 
8194 106 
2493 290 
8195 7 
8196 59 
8197 30 
8198 0 
8199 1 
8200 30 
8201 27 
8202 100 
8203 21 
8204 209 
8205 0 
8206 65 
8207 0 
8208 90 
8209 56 
8210 253 
8211 2 
8212 65 
8213 77 
8214 0 
8215 1 
8216 2 
8217 2 
8218 24 
8219 9 
8220 190 
8221 96 
8222 13 
8223 7 
8224 1 
8225 21 
8226 2 
2013 81 
8227 21 
8228 2 
8229 21 
8230 208 
8231 2 
8232 1 
8233 49 
8234 14 
8235 288 
8236 7 
8237 21 
8238 2 
8239 216 
8240 2 
8241 216 
8242 21 
8243 8 
8244 144 
8245 0 
8246 239 
8247 139 
8248 21 
8249 58 
8250 9 
8251 21 
8252 2 
8253 21 
8254 1 
8255 160 
8256 221 
8257 59 
8258 90 
8259 32 
8260 2 
8261 21 
8262 1 
8263 239 
8264 186 
8265 136 
8266 132 
8267 3 
8268 139 
8269 291 
8270 186 
8271 0 
8272 27 
8273 100 
8274 12 
8275 256 
8276 21 
8277 21 
8278 292 
8279 263 
8280 219 
8281 8 
8282 21 
8283 99 
8284 2 
8285 96 
8286 115 
8287 0 
8288 27 
8289 156 
8290 1 
8291 2 
8292 98 
8293 1 
8294 86 
8295 0 
8296 216 
8297 2 
8298 10 
8299 52 
8300 216 
8301 293 
8302 0 
8303 294 
8304 14 
8305 12 
8306 122 
8307 254 
8308 33 
8309 14 
8310 43 
8311 234 
8312 0 
8313 1 
8314 2 
8315 12 
8316 295 
8317 1 
8318 86 
8319 107 
8320 0 
8321 296 
8322 0 
8323 13 
8324 2 
8325 1 
8326 297 
8327 6 
8328 139 
8329 176 
8330 298 
8331 8 
8332 87 
8333 299 
8334 167 
8335 1 
8336 106 
8337 204 
8338 65 
8339 200 
8340 0 
8341 202 
8342 115 
8343 0 
8344 86 
8345 186 
8346 0 
8347 1 
8348 103 
8349 0 
8350 0 
8351 254 
8352 254 
8353 1 
8354 2 
8355 8 
8356 0 
8357 1 
8358 136 
8359 165 
8360 0 
8361 107 
8362 217 
8363 156 
8364 0 
8365 77 
8366 61 
8367 278 
8368 0 
8369 21 
8370 13 
8371 0 
8372 1 
8373 99 
8374 156 
8375 1 
8376 21 
8377 56 
1175 2 
8378 13 
8379 278 
8380 12 
8381 52 
8382 0 
8383 0 
8384 2 
8385 14 
8386 0 
8387 83 
8388 17 
8389 0 
8390 156 
8391 0 
8392 12 
8393 30 
8394 0 
8395 2 
8396 27 
8397 188 
8398 14 
8399 29 
8400 83 
8401 8 
8402 21 
8403 136 
8404 300 
8405 175 
8406 151 
8407 87 
8408 290 
8409 2 
8410 2 
8411 21 
8412 0 
8413 21 
8414 0 
8415 0 
8416 12 
8417 0 
8418 2 
8419 0 
8420 2 
8421 63 
8422 2 
8423 9 
8424 64 
8425 21 
8426 301 
8427 9 
8428 88 
8429 139 
