302 11 0 560
0 0 0 0 0 0 0 0 0 0 0 
0 0 0 0 0 0 1 2 3 0 0 
0 0 0 0 0 0 4 1 0 0 0 
5 0 0 0 0 0 0 0 1 6 0 
7 8 0 0 0 0 0 0 0 9 9 
10 10 0 0 0 0 0 0 0 11 11 
0 0 0 0 0 0 0 4 12 0 0 
13 14 0 0 0 0 0 0 1 1 4 
15 15 0 0 0 0 0 0 0 16 17 
0 0 0 0 0 0 0 0 0 18 18 
0 0 0 0 0 0 0 19 19 0 0 
20 20 21 21 21 21 21 21 21 22 23 
24 24 0 0 0 0 0 0 19 19 0 
25 25 25 25 25 25 26 25 25 25 25 
24 24 0 0 0 0 0 27 27 0 0 
28 28 25 25 25 25 25 25 25 29 29 
30 30 31 31 31 31 31 31 31 32 32 
33 20 21 21 21 21 21 21 21 34 35 
36 36 0 0 0 0 0 0 4 18 37 
38 38 0 0 0 0 0 0 1 39 40 
0 0 0 0 0 0 0 0 1 41 42 
43 44 45 46 47 48 49 50 51 52 53 
54 31 31 31 31 31 31 55 55 56 56 
57 57 0 0 0 0 0 0 12 58 59 
57 57 0 0 0 0 0 0 1 6 60 
61 61 21 21 21 21 21 21 21 62 62 
63 63 64 64 64 64 64 64 64 65 65 
66 66 0 0 0 0 0 27 27 0 0 
67 67 68 68 68 68 69 68 68 68 68 
70 70 21 21 21 21 21 21 21 71 71 
25 25 25 25 25 25 72 73 25 25 25 
74 74 31 31 31 31 31 31 75 76 77 
78 68 68 68 68 68 68 68 79 55 67 
80 80 80 80 80 81 82 75 81 81 81 
38 38 13 0 0 0 0 0 12 83 84 
21 21 21 85 21 21 21 21 21 21 21 
74 74 80 81 81 81 81 81 75 76 80 
86 25 25 25 25 25 25 25 26 26 72 
87 25 25 25 25 25 25 26 88 25 25 
89 43 13 0 0 0 0 0 12 6 90 
91 91 21 21 21 21 21 21 21 92 92 
93 93 25 94 25 25 25 25 25 29 95 
96 96 68 68 68 68 68 55 55 68 97 
98 98 0 0 0 81 82 99 0 81 81 
21 21 21 21 21 21 100 21 21 21 21 
101 101 94 94 25 25 25 25 25 29 29 
102 102 103 103 103 102 104 105 106 102 102 
7 7 0 0 0 0 0 0 12 12 66 
89 107 0 0 0 0 0 0 108 109 110 
111 111 25 25 25 25 25 25 88 112 113 
81 81 81 81 81 81 81 81 114 114 77 
115 116 25 25 25 25 25 25 25 117 117 
118 119 0 0 0 0 0 0 1 1 0 
120 121 122 122 122 122 122 122 122 117 117 
107 107 68 0 0 68 0 0 1 123 124 
125 125 25 25 25 25 25 25 25 25 126 
122 122 122 122 122 122 122 122 122 122 122 
127 68 68 68 68 68 68 68 128 129 97 
68 68 68 68 68 68 68 68 68 79 130 
68 68 68 68 68 68 68 55 55 131 131 
132 132 133 133 133 133 133 133 11 105 133 
64 64 64 64 64 64 64 64 64 64 64 
60 81 81 81 81 81 82 27 81 134 134 
135 136 68 68 68 68 97 128 68 68 97 
68 68 68 68 68 68 68 68 79 41 67 
120 121 122 122 122 122 122 122 122 137 138 
139 0 0 0 0 0 0 0 1 83 140 
141 141 142 142 143 143 143 143 144 145 143 
146 146 0 0 107 107 107 0 0 0 0 
140 147 0 0 24 107 107 24 0 148 148 
149 149 0 0 0 0 4 108 0 0 0 
38 38 0 0 0 0 0 0 1 150 90 
25 25 25 25 111 93 93 113 25 151 151 
152 152 98 74 74 98 153 98 147 81 81 
154 154 0 13 24 0 155 1 0 0 0 
0 0 0 0 107 107 107 0 0 156 156 
124 157 0 107 107 107 107 0 0 158 158 
159 160 0 0 0 0 0 0 0 37 52 
161 161 162 64 64 64 163 164 64 64 64 
165 165 25 25 25 25 25 25 26 73 98 
166 166 167 167 168 168 167 168 168 169 169 
170 171 133 133 133 133 133 133 133 172 172 
173 173 122 122 122 122 122 174 174 122 175 
176 176 0 0 0 0 0 0 12 41 0 
177 178 178 178 178 178 178 178 178 178 178 
68 68 68 68 68 68 68 68 68 68 179 
13 13 0 0 0 0 4 27 0 0 0 
180 180 181 181 181 181 181 181 181 182 182 
183 178 178 178 178 178 178 184 185 186 178 
187 188 25 25 25 25 25 25 25 29 29 
122 122 122 122 122 122 122 122 189 190 122 
191 191 0 178 178 178 178 178 0 192 193 
66 66 0 0 0 0 0 0 108 39 66 
194 66 0 68 68 68 68 68 0 124 195 
38 74 110 0 0 0 0 0 0 196 196 
197 43 0 0 0 0 0 0 0 198 198 
81 81 81 81 81 81 81 199 199 81 82 
200 200 201 201 201 201 201 201 201 202 202 
38 38 0 0 0 0 0 19 1 0 0 
81 81 81 81 80 80 75 203 81 81 81 
107 107 0 0 0 0 0 0 1 27 204 
205 205 0 0 0 0 0 0 0 52 52 
74 74 81 81 81 81 81 81 81 196 196 
36 36 0 0 0 0 0 0 1 12 204 
206 206 25 94 25 25 72 26 25 25 25 
207 207 181 181 181 181 181 181 181 208 208 
209 68 68 68 68 68 97 55 68 68 68 
210 210 25 25 25 25 25 25 25 211 212 
213 213 122 122 122 122 122 174 174 122 122 
25 214 81 80 81 81 82 199 81 215 215 
216 25 25 25 25 25 25 25 26 73 72 
13 13 0 0 0 0 0 0 217 218 219 
220 220 122 122 122 122 122 122 122 221 221 
222 222 81 81 80 80 75 81 223 98 98 
141 141 142 143 143 143 143 143 143 224 224 
24 24 68 0 68 68 68 68 128 225 147 
226 165 142 142 143 143 143 145 145 143 143 
227 227 81 81 81 81 81 81 81 228 229 
230 230 68 68 68 68 68 69 128 68 67 
231 231 122 122 122 122 122 122 122 232 232 
233 233 0 0 0 0 0 0 0 234 234 
235 235 64 64 64 64 64 64 64 236 236 
181 181 181 181 103 103 181 181 181 181 181 
81 81 81 81 80 80 74 81 81 81 81 
57 237 68 68 68 68 68 68 68 238 238 
239 64 64 64 64 64 64 240 240 64 64 
241 167 168 167 168 167 242 243 168 168 168 
244 245 148 148 0 0 0 0 1 1 66 
142 21 21 21 21 21 246 144 21 21 21 
247 248 0 0 0 0 0 0 1 249 250 
251 64 64 64 64 64 64 64 164 252 253 
254 254 31 81 81 81 75 255 31 81 81 
256 256 122 122 122 122 257 258 122 122 122 
259 181 181 181 181 181 181 105 105 181 181 
260 260 31 68 31 68 68 68 68 261 262 
263 264 265 266 267 268 269 270 271 272 273 
274 24 0 0 0 0 0 0 1 27 66 
68 68 68 68 68 68 128 68 68 275 275 
276 277 278 279 280 281 282 283 284 285 286 
287 287 122 122 122 122 122 122 122 221 221 
288 288 289 289 289 289 290 291 289 235 235 
64 64 64 64 64 64 64 64 64 292 292 
293 293 294 294 294 294 294 294 294 295 296 
297 152 81 81 81 81 81 81 75 76 80 
298 298 31 31 31 31 31 31 299 300 301 
302 7 7 178 178 178 178 303 303 178 178 
304 107 80 80 81 81 0 199 199 134 134 
305 305 111 210 25 25 25 73 73 25 25 
306 306 167 168 168 168 168 167 168 307 307 
308 308 64 64 64 64 64 64 64 65 65 
309 309 310 311 311 311 311 311 311 312 312 
313 313 81 314 81 81 81 81 81 315 316 
317 317 317 317 317 317 317 317 317 317 317 
168 168 168 168 168 168 168 168 168 168 168 
13 13 0 0 0 0 0 148 12 318 319 
297 297 226 255 81 81 81 81 114 320 321 
322 322 0 0 0 0 0 0 12 12 0 
67 67 68 68 68 68 68 68 68 131 323 
122 122 122 122 122 122 122 122 122 138 324 
325 325 178 178 178 178 178 178 178 178 178 
326 326 0 0 0 0 0 0 0 286 286 
327 327 122 122 122 122 122 122 328 190 329 
313 227 81 81 81 81 81 81 81 330 330 
331 331 332 332 333 333 333 333 186 186 333 
334 334 0 0 0 0 4 1 0 0 0 
335 335 81 255 81 81 81 81 81 316 316 
178 178 178 178 178 178 336 178 178 178 178 
64 64 64 64 64 64 164 64 64 64 64 
337 64 64 64 64 64 64 64 64 338 339 
340 322 0 178 178 178 178 19 1 66 66 
341 341 148 148 0 0 0 0 0 17 262 
342 342 81 81 81 81 81 81 75 199 343 
344 345 0 0 0 0 0 0 1 27 346 
347 347 348 0 0 0 0 0 0 34 34 
349 349 64 64 64 64 163 164 64 64 64 
350 322 0 0 0 0 0 27 27 0 0 
351 351 0 148 148 0 0 0 12 41 67 
352 352 0 0 0 0 0 0 0 148 148 
353 81 81 80 81 81 81 199 199 354 355 
148 148 0 0 0 0 0 1 27 67 356 
357 357 31 358 31 68 68 68 68 32 32 
359 360 181 181 181 181 181 181 11 361 362 
363 363 0 0 0 0 0 0 4 66 66 
364 365 0 148 0 0 0 148 108 366 367 
368 369 21 21 21 21 21 21 21 71 71 
370 370 178 178 178 178 178 178 336 303 371 
372 373 68 68 68 68 68 68 68 374 374 
237 237 68 68 68 68 68 68 128 55 97 
24 24 148 148 0 0 0 0 0 375 376 
377 377 94 25 25 25 25 25 26 112 113 
122 122 122 122 122 122 378 379 122 122 122 
146 146 148 0 0 0 0 4 4 0 98 
380 380 25 94 25 25 72 26 25 25 25 
151 25 25 25 81 81 81 381 81 81 81 
382 382 81 81 81 81 82 199 81 81 81 
158 119 0 0 0 0 1 0 0 124 124 
294 383 294 294 294 294 294 294 294 294 294 
91 91 21 21 21 21 21 21 384 105 21 
311 311 311 31 31 311 385 386 387 311 311 
388 388 122 122 122 122 122 122 122 389 389 
110 0 0 0 0 0 0 0 0 390 390 
289 289 289 289 289 289 289 289 289 289 391 
392 392 0 0 0 0 0 0 0 0 322 
393 393 122 122 122 122 378 27 122 60 215 
394 394 0 0 0 0 0 0 0 192 192 
395 395 255 255 81 81 81 81 114 396 397 
122 122 122 122 122 122 379 122 122 122 122 
68 68 68 68 68 68 68 68 68 398 398 
68 68 68 68 68 68 68 399 68 131 131 
400 400 178 178 178 178 178 178 178 9 9 
68 68 68 68 68 68 68 68 128 79 399 
367 367 0 0 0 0 4 0 0 0 0 
256 256 0 0 0 0 4 27 0 401 401 
24 24 0 0 0 0 0 0 402 403 66 
404 404 122 122 122 122 122 122 328 405 406 
351 351 0 0 0 0 0 0 407 408 204 
409 409 148 0 0 0 1 0 0 0 0 
24 13 0 0 0 0 0 0 18 27 0 
38 43 68 68 68 68 68 68 410 411 323 
412 74 81 81 81 81 81 81 81 114 413 
120 121 122 122 122 122 122 122 189 414 122 
24 13 0 0 0 0 0 0 0 41 415 
274 0 0 0 0 0 0 0 416 417 418 
24 0 68 68 68 68 0 0 419 420 323 
421 80 81 255 255 81 81 81 114 199 81 
422 134 81 81 81 80 82 81 223 98 423 
38 43 0 0 0 0 0 0 424 425 67 
426 66 0 0 0 0 0 148 427 428 0 
429 25 25 25 25 111 25 25 25 25 25 
38 38 0 0 0 0 0 0 430 431 204 
0 0 0 0 0 0 0 0 432 432 204 
111 25 25 94 94 25 25 25 25 29 95 
433 147 0 0 0 13 4 0 0 0 204 
434 435 294 294 294 294 294 294 294 436 436 
287 287 122 122 122 122 122 122 122 437 437 
438 21 91 21 21 21 21 439 439 21 21 
13 13 0 0 0 0 0 0 440 440 323 
382 382 31 31 31 31 441 31 31 31 31 
442 443 0 0 0 0 0 1 27 0 0 
176 176 0 0 0 0 0 0 108 444 0 
445 445 445 445 445 445 446 445 445 447 447 
448 448 0 0 0 0 0 0 12 27 449 
450 450 0 0 0 0 0 0 0 451 451 
452 31 31 31 31 31 31 31 128 453 454 
455 66 124 68 68 68 97 19 68 418 418 
158 158 25 25 25 25 25 25 25 456 456 
276 276 31 31 31 31 31 31 299 457 458 
459 460 461 462 463 464 465 466 467 468 469 
333 333 333 333 333 333 68 333 333 470 470 
333 333 333 333 333 333 333 471 333 472 472 
473 473 0 0 0 0 0 0 0 474 474 
178 178 178 178 178 178 178 178 178 475 325 
0 0 0 0 0 0 0 0 476 477 478 
418 418 0 0 0 0 4 27 0 0 0 
31 31 31 31 31 31 299 31 31 31 31 
479 480 333 333 333 333 333 178 185 303 178 
13 13 0 0 0 0 0 0 204 418 66 
481 481 25 25 111 25 72 26 25 482 482 
321 321 81 80 81 81 381 81 81 81 483 
484 484 0 0 0 0 19 0 0 0 0 
310 310 311 311 311 311 311 311 485 486 487 
488 488 178 178 178 178 178 178 336 489 490 
491 43 0 0 0 0 0 0 1 6 418 
210 25 25 25 25 25 25 25 25 29 29 
56 66 0 0 0 0 0 13 209 67 67 
492 492 0 0 0 0 0 1 27 0 493 
494 494 289 289 289 289 289 289 289 495 496 
497 497 21 498 21 21 21 21 21 499 92 
500 500 64 64 64 64 64 64 64 501 501 
502 503 0 0 0 0 0 0 0 504 505 
146 506 0 0 0 0 0 0 0 507 508 
509 510 0 0 0 0 0 0 0 511 512 
513 57 68 68 68 68 68 358 128 55 67 
342 342 81 81 81 81 81 81 514 515 134 
391 516 289 289 289 289 289 289 289 289 289 
517 517 122 122 122 122 122 414 414 122 122 
518 518 0 0 0 0 0 0 0 508 508 
519 520 521 521 521 521 521 521 522 523 524 
15 15 0 0 0 0 0 0 0 525 525 
526 527 25 25 25 25 25 25 25 528 529 
530 530 68 68 68 68 68 68 68 68 68 
531 531 0 0 0 0 0 27 27 67 418 
532 532 122 122 122 122 122 1 27 0 533 
534 15 13 0 0 0 0 0 1 27 535 
536 536 98 255 98 81 82 75 31 134 31 
537 537 317 317 317 317 317 317 538 539 317 
234 234 0 0 0 0 0 0 0 540 540 
541 541 25 25 25 25 25 25 25 29 29 
542 542 542 542 542 542 542 542 542 542 542 
311 311 311 311 311 310 311 311 311 311 311 
543 543 0 0 0 0 0 0 0 18 18 
544 544 178 178 178 178 545 336 178 546 546 
547 547 25 25 25 25 72 26 25 25 72 
226 226 81 81 81 81 81 81 114 548 549 
550 551 0 255 248 148 31 0 148 255 255 
313 313 0 148 0 0 0 0 0 229 229 
98 98 0 24 24 248 1 0 346 84 552 
553 554 25 94 25 25 25 25 26 73 25 
342 342 555 25 25 25 25 25 25 556 29 
557 557 0 148 0 0 0 0 0 558 558 
70 70 21 21 21 21 21 21 559 560 560 
276 276 68 68 68 68 68 68 79 129 323 
