692 16 0 6316
0 1 2 3 4 5 6 7 8 9 10 11 12 13 14 15 
16 17 18 19 20 21 22 23 24 25 26 27 28 29 30 31 
32 33 34 35 36 37 38 39 40 41 42 43 44 45 46 47 
48 49 50 51 52 53 54 55 56 57 58 59 60 61 62 63 
64 65 66 67 68 69 70 71 72 73 74 75 76 77 78 79 
80 81 82 83 84 85 86 87 88 89 90 91 92 93 94 95 
96 97 98 99 100 101 102 103 104 105 106 107 108 109 110 111 
112 113 114 115 116 117 118 119 120 121 122 123 124 125 126 127 
128 129 130 131 132 133 134 135 136 137 138 139 140 141 142 143 
144 145 146 147 148 149 150 151 152 153 154 155 156 157 158 159 
160 161 162 163 164 165 166 167 168 169 170 171 172 173 174 175 
176 177 178 179 180 181 182 183 184 185 186 187 188 189 190 191 
192 193 194 195 196 197 198 199 200 201 202 203 204 205 206 207 
208 209 210 211 212 213 214 215 216 217 218 219 220 221 222 223 
224 225 226 227 228 229 230 231 232 233 234 235 236 237 238 239 
240 241 242 243 244 245 246 247 248 249 250 251 252 253 254 255 
256 257 258 259 260 261 262 263 264 265 266 267 268 269 270 271 
272 273 274 275 276 277 278 279 280 281 282 283 284 285 286 287 
288 289 290 291 292 293 294 295 296 297 298 299 300 301 302 303 
304 305 306 307 308 309 310 311 312 313 314 315 316 317 318 319 
320 321 322 323 324 325 326 327 328 329 330 331 332 333 334 335 
336 337 338 339 340 341 342 343 344 345 346 347 348 349 350 351 
352 353 354 355 356 357 358 359 360 361 362 363 364 365 366 367 
368 369 370 371 372 373 374 375 376 377 378 379 380 381 382 383 
384 385 386 387 388 389 390 391 392 393 394 395 396 397 398 399 
400 401 402 403 404 405 406 407 408 409 410 411 412 413 414 415 
416 417 418 419 420 421 422 423 424 425 426 427 428 429 430 431 
432 433 434 435 436 437 438 439 440 441 442 443 444 445 446 447 
448 449 450 451 452 453 454 455 456 457 458 459 460 461 462 463 
464 465 466 467 468 469 470 471 472 473 474 475 476 477 478 479 
480 481 482 483 484 485 486 487 488 489 490 491 492 493 494 495 
496 497 498 499 500 501 502 503 504 505 506 507 508 509 510 511 
512 513 514 515 516 517 518 519 520 521 522 523 524 525 526 527 
528 529 530 531 532 533 534 535 536 537 538 539 540 541 542 543 
544 545 546 547 548 549 550 551 552 553 554 555 556 557 558 559 
560 561 562 563 564 565 566 567 568 569 570 571 572 573 574 575 
576 577 578 579 580 581 582 583 584 585 586 587 588 589 590 591 
592 593 594 595 596 597 598 599 600 601 602 603 604 605 606 607 
608 609 610 611 612 613 614 615 616 617 618 619 620 621 622 623 
624 625 626 627 628 629 630 631 632 633 634 635 636 637 638 639 
640 641 642 643 644 645 646 647 648 649 650 651 652 653 654 655 
656 657 658 659 660 661 662 663 664 665 666 667 668 669 670 671 
672 673 674 675 676 677 678 679 680 681 682 683 684 685 686 687 
688 689 690 691 692 693 694 695 696 697 698 699 700 701 702 703 
704 193 705 195 706 707 708 709 710 711 712 713 714 715 716 671 
717 718 719 720 721 722 723 724 725 726 727 728 729 730 731 732 
733 689 98 734 212 735 214 736 737 649 738 713 739 221 702 740 
741 81 742 211 743 181 182 744 745 89 746 219 747 173 654 223 
748 749 750 659 751 707 198 752 753 754 755 651 756 189 757 758 
759 193 338 195 760 181 761 762 763 649 764 91 765 189 206 671 
766 718 767 768 769 770 761 771 772 773 774 728 775 776 777 778 
779 780 370 355 781 261 782 375 783 361 362 363 784 285 414 383 
785 780 786 355 787 261 230 788 789 233 362 363 790 285 238 255 
791 780 792 793 794 795 796 797 798 361 799 363 800 801 382 367 
802 780 803 804 805 806 807 808 809 810 811 812 813 814 815 383 
816 780 370 259 817 818 819 808 820 821 822 823 824 814 270 825 
826 780 370 827 828 829 830 279 831 832 822 833 834 814 835 287 
836 780 306 355 837 21 838 375 839 821 840 363 841 801 478 383 
842 843 844 845 846 847 422 848 849 850 851 852 853 854 855 303 
856 857 386 35 858 859 860 861 862 863 864 363 865 866 867 287 
868 869 870 291 871 872 873 874 875 876 877 878 879 880 881 882 
883 305 306 611 884 437 70 311 885 425 886 887 888 854 414 15 
889 890 891 291 892 293 893 295 894 895 896 897 898 899 606 303 
900 465 306 35 901 37 782 788 902 473 903 363 28 285 904 287 
905 369 906 307 907 373 796 788 376 908 42 395 909 381 238 910 
911 465 912 35 901 829 913 311 360 473 914 395 915 285 478 287 
916 917 306 35 918 373 614 788 919 920 42 395 921 381 382 383 
922 369 274 307 901 795 374 923 924 821 903 363 925 814 30 367 
922 917 926 35 927 373 928 929 930 920 799 833 931 814 932 383 
933 934 935 371 356 373 22 936 937 938 266 939 865 381 30 79 
940 305 18 35 404 373 70 39 941 473 942 395 620 381 943 79 
944 945 946 451 947 948 893 949 950 951 952 852 953 899 590 303 
954 465 50 51 436 955 54 87 956 957 442 11 188 61 958 191 
959 960 961 962 963 964 965 966 967 968 969 427 970 301 494 882 
971 972 973 974 975 976 977 978 979 457 458 459 980 589 981 495 
982 972 983 211 580 976 977 119 984 521 985 523 986 461 987 703 
988 989 990 991 992 993 994 995 996 997 998 999 1000 1001 1002 1003 
1004 1005 306 307 1006 21 534 1007 1008 393 410 395 1009 1010 1011 79 
1012 33 1013 307 1014 21 1015 1007 1016 1017 442 395 1018 685 1019 79 
1020 1021 1022 1023 1024 1025 1026 1027 1028 1029 1030 1031 1032 1033 270 1034 
1035 305 1036 387 1037 21 1038 995 1039 1040 1041 395 1042 1043 1044 1045 
1046 1047 1048 307 1049 373 1050 1051 1052 1053 1054 1055 1056 1057 398 1058 
1059 577 98 451 580 976 102 103 1060 601 106 523 1061 589 1062 607 
1063 718 1064 51 436 955 214 87 1065 1066 410 1067 220 1068 958 607 
64 305 50 51 1069 437 534 39 1070 473 410 11 1071 685 414 15 
1072 305 66 51 1073 21 70 39 472 473 42 187 1074 685 904 15 
1075 305 1013 51 436 1076 614 1007 1077 617 1078 1079 1080 477 1019 1081 
1082 673 306 51 1083 181 1084 311 1085 425 1086 11 1087 189 142 1088 
1089 673 338 51 436 1090 1084 567 1091 569 442 11 1092 685 446 447 
1093 673 306 179 1094 1090 54 439 1095 569 1086 11 1096 1097 1098 1099 
1100 673 1101 179 436 1090 70 1102 1103 345 410 11 1104 189 478 191 
1105 673 1101 51 1106 1107 1108 1109 1110 1111 1112 1113 1114 1115 190 1116 
1117 1118 1013 179 1119 1120 1084 1109 1121 1111 1122 1123 1124 189 1125 1126 
1127 1118 562 211 1128 1129 1130 1131 1132 1133 1134 1135 1136 189 1137 1138 
1139 1140 1141 1142 1143 1144 1145 1146 1147 169 218 1148 1149 221 702 1150 
1151 689 1152 211 1153 1154 1155 1156 1157 1158 764 1148 700 205 222 703 
1159 465 386 387 1160 847 1161 1162 1163 425 410 475 1164 899 30 303 
1165 843 1166 1167 1168 859 1169 1170 1171 1172 1173 1174 1175 1176 1177 31 
1178 1179 1180 1181 1182 1183 1184 1185 1186 1187 1188 1189 252 269 270 255 
1190 369 906 35 794 795 1191 1192 1193 832 1194 395 925 285 1195 31 
1196 934 1197 1181 1198 1199 1200 1201 1202 832 1203 823 1204 269 1205 1206 
1207 1208 926 371 1209 373 1210 1211 1212 810 799 1213 1175 285 478 910 
1214 1215 1216 291 1217 1218 1219 1220 1221 1222 1223 299 1224 301 1225 1226 
916 273 370 387 1227 357 1210 359 1228 810 799 251 925 285 238 825 
1229 1230 1231 291 1232 964 1233 1234 1235 1236 1237 897 1238 301 1239 303 
842 49 1240 419 1241 1242 1243 848 1244 1245 1246 1174 1247 429 1248 303 
1249 857 1250 291 292 293 1169 1251 1252 1172 1253 897 1175 899 1254 303 
1255 1256 514 1257 1258 1259 1260 1261 1262 1263 410 603 865 413 462 303 
1264 1265 1266 419 1267 53 1268 1269 1270 425 1271 603 1272 29 1273 1274 
1275 1276 1277 291 1278 1279 1280 1281 1282 505 490 1283 1284 899 1285 1286 
1287 1288 1289 387 356 859 374 1051 1290 810 410 475 925 29 382 319 
0 65 306 291 436 1242 796 1291 1292 425 1293 475 1294 413 1019 319 
1295 1230 1296 291 1297 1242 1210 1298 1299 425 1293 475 953 301 1177 303 
1300 49 1301 419 1302 309 1303 949 1304 1305 426 475 604 45 1306 303 
1307 857 1308 387 1309 53 470 1310 1311 425 1312 475 1313 1314 1315 303 
1316 1317 514 1318 1319 1320 1321 487 1322 1323 1324 1325 1326 1327 1328 495 
1329 1330 1296 1331 1332 1333 54 1334 1335 1336 1337 1338 1339 45 1340 303 
1341 1342 2 435 580 53 1343 567 1344 457 442 603 1345 413 1346 607 
1347 65 306 467 1348 53 406 1310 1349 425 442 1350 76 29 1019 607 
1351 1352 1353 1354 1355 1356 1357 71 1358 920 314 475 1359 1360 478 319 
1361 1362 1231 1363 1364 1242 893 1365 1366 1367 1368 475 1369 301 1019 607 
1347 49 1370 51 52 53 1371 1372 1373 1374 618 315 1375 77 1019 319 
608 49 50 51 1014 309 534 1376 1377 1374 58 475 188 29 1378 63 
1379 989 1380 991 1381 1382 1383 1384 1385 1386 1387 1031 1000 1001 1388 1045 
1389 1021 1390 1391 1392 1025 1393 1027 1394 1395 1030 1031 1396 1033 1002 1397 
1398 369 1399 547 1400 309 70 995 1401 1402 1403 315 1404 29 382 1058 
1405 1406 1022 1391 1407 1025 1408 1409 1410 1395 1030 1031 1411 1033 238 825 
128 129 767 734 1412 735 1413 1414 1415 457 738 1416 1417 1418 958 527 
0 593 2 179 436 53 54 567 1419 425 1086 1420 1421 445 1340 607 
1422 593 578 179 947 117 118 215 1423 425 738 187 1424 605 462 607 
1425 1426 1427 1428 1429 1430 1431 1432 1433 1434 1435 1436 1437 1438 1439 1440 
1441 177 1442 595 1443 770 1444 1109 1445 217 1446 1447 1448 1449 158 527 
1450 1451 1452 1453 1454 1455 1456 762 1457 569 1458 1459 1460 1461 1462 1463 
1464 1465 1466 691 1467 645 1468 1469 1470 1471 1472 1473 1474 1475 987 1476 
1100 129 1064 179 1477 117 1130 1102 152 1066 442 139 1478 445 110 1463 
1479 1480 1481 1482 1483 1154 1484 762 1485 217 738 713 1486 1487 1488 207 
1489 177 1490 1142 1491 1492 1493 762 1494 457 1458 1495 1496 1497 222 207 
1498 1499 1500 1501 1502 1107 1130 1503 1504 1505 1506 1507 1508 189 1509 1138 
1510 749 1511 1512 1513 1154 1514 1515 1516 1517 1518 1519 1520 1521 1522 1523 
759 1524 1511 1512 1525 1526 1514 1527 1528 1529 1530 1519 1531 1418 1522 207 
1532 433 2 1533 436 69 6 1534 408 313 1078 603 1096 189 1125 1138 
1535 1256 961 291 1536 293 6 1251 1163 425 886 603 1537 301 478 15 
1538 433 2 291 580 1259 582 1261 1539 457 682 603 1540 445 462 607 
1541 1208 1542 291 1543 1544 1169 1545 1546 1547 1548 1549 1550 1551 1552 1553 
16 1208 1554 387 1555 859 796 1201 1556 425 886 1557 1558 814 1559 1058 
916 369 1560 259 1561 261 838 1562 820 1053 1563 1564 925 269 270 825 
1565 1208 1566 1567 1568 859 838 1201 1569 920 1570 1557 1571 801 835 1206 
1572 1208 1573 387 1574 357 1575 1051 1576 832 1563 823 1577 814 1559 1206 
1578 1208 1579 355 356 357 1580 1201 1581 810 799 823 1577 814 1582 1206 
1583 1047 1584 804 1585 357 1169 1586 1587 810 1570 315 1558 814 1582 1206 
1588 1589 870 291 1590 1591 1592 1593 1594 1595 1596 1283 1597 301 1598 1599 
1600 1601 1602 1603 1604 1605 1606 1607 1608 1609 442 1610 1611 1612 1613 575 
1614 1615 961 1318 1616 1617 1618 1619 1620 1621 490 897 1622 301 1623 495 
1624 1208 1625 1567 1297 1626 838 1586 1627 1628 1629 1630 1631 445 835 1553 
1632 1633 1634 1635 1636 517 1637 503 1638 1639 1640 1641 1642 461 462 1643 
1644 1645 1646 291 1302 69 1647 1648 1649 1650 1651 897 1652 301 478 1653 
1654 1362 1655 419 1656 1626 1657 1251 1658 1172 1293 603 1659 445 1660 303 
1661 1589 1662 1635 1663 1664 1637 119 1665 1666 1667 1668 1669 461 1670 1286 
1671 1672 1673 1318 1674 1675 893 1676 1677 1666 1678 1679 1680 301 1598 1681 
1682 1683 1655 595 1604 1259 6 71 1684 1595 1253 897 1685 605 494 1686 
1329 65 434 1687 1688 53 54 1334 1689 313 410 475 1690 45 46 319 
1691 433 1692 1693 1694 1626 54 1695 1696 1697 1223 315 1698 477 78 1699 
1329 1700 1701 595 1302 1333 1169 1310 1702 457 1703 603 428 477 1177 303 
1704 433 1308 387 436 69 54 1334 1705 313 410 395 1706 477 1378 319 
432 65 2 387 1014 53 70 71 1707 425 314 315 1708 477 1613 319 
1709 1208 935 1567 1561 373 838 1710 1711 1053 1054 1712 1713 397 398 1034 
905 1208 1714 291 388 1626 1715 1716 1717 1547 1718 1719 1720 397 398 1058 
1347 1721 2 307 1014 5 1722 39 1723 617 1724 395 1725 1010 46 1726 
1727 1728 1729 991 308 1382 1383 1384 1730 1040 1731 395 1732 1001 1002 1081 
1733 1734 1735 1736 1737 517 1738 1739 1740 601 1741 523 1742 525 1743 758 
1744 1745 1746 1747 1748 1382 994 1027 1749 1750 1751 999 1752 1001 1753 1397 
1754 1755 1756 1391 1024 1757 1393 1758 1759 1395 1030 1031 1760 1761 270 1397 
1762 1763 1764 1765 1766 1767 1768 1769 1770 1771 1772 1773 1774 1775 1776 1777 
1778 1317 1779 1512 1780 1781 1782 1783 1784 1785 1786 1641 1787 1788 1789 527 
1790 1791 1792 1793 1794 645 1795 1796 1797 1798 1799 1800 1801 1475 1802 1803 
1804 1805 1511 1806 1807 1808 1493 1527 1809 1810 755 1495 1811 205 1812 1813 
1441 433 1814 179 1815 1816 1456 1817 1818 1819 1820 395 1821 1822 1340 1088 
1823 1524 642 1512 1824 1825 1826 1827 1828 1798 1829 713 1830 189 222 1523 
1831 1832 1511 1833 1834 1808 1835 1836 1837 1838 1839 1840 1841 1842 702 1843 
1844 1845 194 1846 1847 1492 1848 1527 1849 1850 1851 1852 1841 1418 1522 671 
1853 1832 1854 195 1855 1526 1856 1836 1857 1858 1859 1840 1860 1861 1522 1843 
1862 1863 1864 1865 1866 1867 1868 1869 1870 1871 1872 1873 1874 1461 1875 1876 
1877 1524 1878 1879 1880 1881 1155 762 1882 1883 1884 1148 1149 205 222 1885 
1886 1887 1888 1482 1889 1881 1890 1891 1892 1893 1894 1895 1896 1418 1522 1897 
1898 1863 2 1865 1014 1867 6 1899 1900 617 1901 1123 1114 445 446 1876 
1902 1903 1904 1905 1906 1107 1907 1908 1909 1910 1911 1912 1913 1914 1915 1876 
1916 1208 1917 371 1918 373 1919 1920 1921 832 362 363 1922 365 318 383 
1691 1923 370 1924 1925 373 1210 1926 1927 832 362 395 1928 1929 1559 383 
1654 1230 1602 291 927 5 6 949 894 938 1651 1174 1659 1314 478 303 
1930 1208 1931 1932 1933 1934 1935 1936 1937 1938 1939 812 1940 814 1941 1942 
1943 1208 786 371 1561 1944 1945 1926 1946 1938 886 1174 813 814 835 1206 
1947 1208 1948 1567 1949 1950 1210 1951 1952 1953 1954 1549 1955 814 1956 303 
1957 1958 1959 1960 1961 517 1962 1963 1964 1965 1667 1668 1966 1967 1968 607 
1969 1970 1971 291 1972 1950 1973 1974 1975 1938 1976 1174 1175 301 1941 303 
1329 1230 1602 307 1160 1977 406 1978 1979 1980 1337 427 1981 1314 1340 303 
1982 1970 1692 291 1297 389 1983 1984 1985 1953 1651 1174 813 814 835 303 
1986 1601 1987 1318 947 1617 1988 1963 1989 1990 1991 1668 1992 509 1993 1994 
1995 1230 290 1996 1616 872 1997 1998 1999 2000 2001 299 2002 2003 2004 2005 
2006 1208 1655 2007 1297 1934 374 1716 2008 832 2009 395 925 29 835 2010 
2011 2012 2013 2014 2015 2016 2017 2018 2019 2020 2021 2022 2023 2024 2025 1206 
2026 1601 290 1996 2027 2028 2029 1593 2030 1650 1223 427 1631 2031 2032 2033 
883 305 434 307 2034 37 54 2035 2036 313 538 395 2037 2038 318 479 
2039 934 1625 1932 2040 1934 2041 1974 2042 1938 1203 1549 1698 1551 2043 1206 
2044 2045 1948 291 2046 2047 2048 1998 2049 2050 2051 2052 2053 301 2054 2055 
2006 305 370 307 2056 373 2057 1984 2058 2059 2009 395 1042 381 478 383 
400 1208 1692 1567 2060 389 2061 2018 2062 2063 2021 395 2064 397 1941 1058 
2065 1601 2066 291 2067 69 2068 1998 2069 2070 886 1668 2071 2072 2054 2055 
2073 1230 2074 1996 1258 1591 1768 1963 1979 2070 2075 427 2076 445 1340 607 
2077 2078 610 307 2079 21 2080 39 2081 617 442 395 1272 1010 2082 1088 
1538 1683 1634 1996 1258 2083 1962 2084 2085 601 2086 1668 1284 13 462 591 
2087 2088 2089 2090 2091 2092 2093 2094 2095 2096 2097 2098 2099 2100 2101 2102 
2103 2088 2104 2105 2106 2107 2108 2109 2110 2111 2112 1641 2113 2114 2115 655 
2116 2117 2118 2105 871 2119 2120 2121 2122 2123 2124 2125 2126 2127 2128 2129 
2130 2117 2131 2132 2133 2134 2135 2136 2137 2138 2139 2140 2141 2114 2142 2143 
2144 113 434 179 2145 597 214 2146 2147 601 442 2148 2149 525 2150 111 
2151 433 1064 595 1302 69 2152 1109 2153 2154 442 2155 2156 2157 2158 191 
2159 1728 1746 2160 1748 993 2161 1384 2162 2163 2164 2165 2166 2167 2168 2169 
2170 2171 2172 2173 2174 2175 2176 1007 2177 2178 2179 2180 2181 2182 2183 79 
2184 2078 2185 307 2186 5 406 2187 2188 617 2009 395 2189 397 2190 479 
2191 1256 2192 2193 2194 1816 2195 2196 2197 1650 2009 395 2198 445 2199 2200 
2201 2202 2203 1533 2204 2205 2206 1007 2207 2208 2209 395 2210 2211 2212 2213 
2214 2215 2216 2217 2218 1430 2219 2220 2221 2111 2222 2223 2224 2225 1522 2226 
2227 2228 2229 2230 2231 2232 2233 2234 2235 2236 2237 2238 2239 2240 2241 2242 
2243 2244 2245 2246 2247 2248 2249 2250 2251 2252 2253 2254 2255 2256 2257 2258 
2259 2260 1511 2261 2262 1526 2263 2264 2265 2266 2267 1840 2268 1418 2269 2270 
2271 673 1814 2272 2273 69 1084 2274 2275 73 2276 2277 2278 2182 2279 79 
1093 2280 2281 2282 2283 1526 6 1908 2284 681 1086 1420 2285 2286 2287 1138 
2288 2228 2289 2290 2291 2292 2293 2294 2295 2296 1458 1495 2297 2298 2269 1138 
2299 2300 1481 2301 2302 1526 2303 2304 2305 2306 2307 2308 2309 1475 2310 2311 
2312 161 2313 211 2314 2315 2316 2317 2318 2319 2320 2321 2322 125 2323 2324 
748 2325 2326 2327 2328 2329 2330 2331 2332 1838 2333 1473 2334 2335 2336 1523 
2337 2338 2339 211 2340 2341 2342 2343 2344 2345 2346 1895 2347 1449 2348 2324 
2349 2228 2350 2351 2352 1526 2353 2354 2355 1893 2356 1852 2357 1487 2358 2359 
1229 2280 1655 1257 1297 1767 54 1695 2197 1650 2360 411 604 13 1340 732 
2361 2362 2363 1932 2364 1544 2365 2366 2367 1938 2368 2369 2370 2371 2372 2373 
2374 2375 2376 2377 2378 2379 2380 2381 2382 2383 2051 2052 2384 2385 1613 2005 
2386 2362 1692 1932 2387 1944 2061 2366 2388 1938 886 1174 2389 2390 2391 2392 
1947 2393 2394 1932 2395 1944 2396 2397 2398 1938 942 2399 2400 814 2401 2010 
2044 1645 2402 403 2403 2404 54 1978 1252 2405 2406 1174 1550 2031 2407 1699 
2408 1601 2409 2410 2411 2379 1637 2412 2413 2414 896 2052 2415 2416 2417 2005 
2418 2375 2419 2420 2421 2422 2423 1998 2424 2425 2426 2427 2428 2003 2429 2005 
2430 2431 290 2432 2027 2433 2434 2435 2436 2425 2437 878 2438 2439 2440 2005 
2441 2442 2443 2444 2445 2446 2447 2448 2449 2450 2451 1610 2452 2453 2454 1643 
2455 2456 2457 2458 2459 2460 2461 2462 2463 2464 2465 2466 2467 2468 2469 2470 
2471 2472 2473 2105 2474 2475 2476 1998 2477 2478 2479 878 2480 2468 2481 495 
2482 2472 1231 962 2483 1279 2484 2485 2486 2487 2488 1283 2489 2003 2481 303 
2490 2472 2491 962 2492 1320 2493 2494 2495 2496 896 1641 2497 2114 494 2498 
2499 2472 2500 2501 2502 2503 2504 2505 2506 2425 2507 2508 2509 2114 1993 2510 
2511 2512 2513 2514 871 1617 2515 1998 2516 2517 2518 2508 2519 493 2520 2129 
2521 2522 290 291 2523 2524 2525 1365 2526 2527 2426 299 2528 2031 2529 2005 
1329 2442 2 1693 2530 955 6 2531 2532 681 2533 2534 2535 2182 1613 1643 
2536 1645 961 291 2537 2538 2048 2539 2540 2425 1223 411 2541 2542 2417 1699 
2543 2544 2545 339 2546 2547 2548 2549 2550 2551 1596 1679 2552 301 2553 2129 
2554 2555 1692 2556 2530 955 582 1695 2557 2558 896 2559 2528 2182 2212 2005 
2560 1208 2561 1693 2562 2175 2563 2564 1689 2565 942 411 2566 2567 2568 1081 
2569 1645 2570 2571 2572 1934 2573 2574 2575 2576 2577 411 2578 2072 2579 2213 
2580 2581 2582 2583 2584 2585 2586 2587 2588 2589 2590 2591 2592 2593 2594 2595 
2596 2512 2089 2105 2597 2107 2598 2599 2600 2111 2518 1679 2601 2114 2602 2603 
2604 2325 2605 2132 1319 2606 2607 2608 2609 1798 2610 2611 2612 1842 2613 2614 
2615 2616 2617 2618 2619 2620 2621 2622 2623 2624 2625 2626 2627 2628 2629 2630 
2631 2632 2633 2634 2635 2636 2637 2638 2639 2640 2641 2642 2643 2644 2645 2646 
2647 2648 66 2173 1014 2649 6 2650 2651 2652 442 2653 2654 2655 1613 2656 
2657 2202 2658 1693 2659 2660 2563 2661 1070 2662 442 411 2663 2664 2665 1876 
2666 1721 2658 2667 2530 955 6 2668 2669 2670 682 411 2671 2182 414 1099 
2672 2673 66 2674 2204 2205 1606 2661 2675 2676 2209 2022 2677 1822 2199 2678 
2679 2680 2681 2682 2683 2684 2685 2686 2687 2688 2689 2690 2691 2692 2693 2694 
2695 2215 562 595 2696 1867 2697 2698 2699 1819 1458 2700 2701 1822 1776 1138 
2702 593 2703 2704 180 955 2705 2706 2707 1883 2708 1459 2709 141 1340 2710 
2711 2228 2712 2713 2714 2715 2716 2717 2718 2719 570 2720 2721 2722 2723 2724 
2725 2726 2727 2728 2729 2730 2731 2732 2733 2734 2735 2736 2737 2738 1875 79 
2739 2740 2229 2741 2742 2232 2743 2744 2745 2746 2747 2238 2748 2749 2241 2750 
2751 2752 2753 1833 2754 1526 2755 2756 2757 2758 2759 2760 2761 2762 2763 2764 
2765 673 674 2713 436 2766 2767 2234 2768 2769 2237 2770 2771 2182 2772 1138 
2773 2774 2775 2290 2776 2777 2778 2779 2780 2781 2782 2783 2784 2785 2786 2764 
2787 2788 2789 2230 1847 2790 2791 2792 2793 1883 2794 2238 2795 1914 2796 2797 
2798 2799 2800 2801 2802 2803 2804 2805 2806 2807 2808 2809 2810 2811 2812 2813 
2814 2815 2816 2817 2818 2819 2820 2821 2822 2823 2824 2825 2826 2827 2828 2829 
2830 2325 2831 2327 2776 2329 2832 2833 2834 1883 2835 1840 2836 1475 2828 2837 
2838 2839 2840 1693 436 565 1768 2841 2842 2843 2590 1641 2844 2845 2279 2710 
2846 2512 290 2847 2848 2849 2850 1619 2851 1222 2852 2853 2854 2855 2856 303 
2857 2045 2858 1693 2859 2860 2423 2861 2862 2425 2863 1679 2864 1822 2279 2055 
2865 1601 2858 1257 436 565 6 439 2866 2383 442 1610 2497 13 1613 2694 
2867 2868 2869 2870 2871 2872 2873 2874 2875 2876 2877 2878 2879 2880 2881 2882 
2883 2884 2885 2847 2886 2887 2888 2889 2890 2891 2892 2893 2894 2895 2896 2897 
2898 2884 2899 2900 2901 2902 2903 2904 2905 1953 2906 2907 2908 2895 2909 2910 
2911 2912 2858 2847 2913 2914 2915 2916 2917 2918 2852 2853 2919 2003 2920 2055 
2921 2912 2922 2923 2924 1934 2925 1984 2926 1697 2927 2928 2929 2930 2407 2931 
2932 2933 1625 2847 2934 2524 1647 2935 2936 2937 1976 2938 2541 2855 2920 2005 
2939 2912 2940 291 2941 2538 2942 1951 2943 2944 2945 1549 2541 2542 1956 2910 
2946 2912 1692 2556 2947 2948 2949 2950 2951 2918 2952 2953 2954 2567 2955 2956 
2957 2912 2376 2377 2958 2959 2048 2916 2960 2918 1678 2052 2961 2468 2440 2897 
1995 2456 2066 2377 2027 2538 2962 2904 2963 2425 2051 2052 2964 2542 2417 2005 
2965 2912 2966 2967 2968 1591 2434 2969 2970 2918 2971 2972 2919 2855 2417 2897 
2973 2974 2500 2975 2502 2887 2976 2977 2978 2918 1596 1679 2979 301 2980 2005 
2981 2982 2983 2432 2984 2985 2986 2987 2988 2989 2990 2466 2991 2114 2992 2993 
2994 2912 2995 1693 2996 2660 2997 2998 2999 2576 3000 3001 3002 2072 2407 3003 
3004 2884 3005 3006 3007 3008 3009 2861 3010 3011 3012 3013 2894 2468 2896 2055 
3014 2442 3015 3016 3017 2446 3018 3019 3020 2450 3021 3022 3023 3024 1613 3025 
3026 2078 2203 387 3027 2404 70 3028 3029 3030 442 3031 2037 1551 366 3032 
1691 1721 3033 3034 3035 2948 3036 3037 3038 3039 3040 2022 1042 2567 943 1058 
3041 3042 3043 3044 3045 3046 3047 3048 3049 3050 3051 3052 3053 3054 2579 2595 
3055 3056 3057 3058 3059 3060 3061 3062 3063 1053 3064 2022 3065 2211 943 1058 
3066 1728 3067 1924 3068 1025 550 3069 3070 3071 1030 1712 3072 1033 270 1003 
3073 3074 3067 3075 3076 2872 3077 3078 3079 3071 3080 2022 3081 2211 3082 3083 
3084 3085 3086 3087 3088 3089 3090 3091 3092 3093 3094 2878 3095 2880 3096 1058 
3097 2868 3098 3058 3099 3100 3101 3102 3103 3104 3105 3106 3107 3108 3109 3083 
3110 3111 3112 3113 3114 3115 3116 3117 3118 3119 3120 3121 3122 3123 3124 3125 
3126 1721 3127 3128 2659 3129 2563 2661 3130 1017 442 3131 3132 2182 3133 2956 
1093 1863 3127 2290 2273 2766 2743 2717 3134 569 3135 2720 1096 2182 1613 575 
3136 2202 3127 3137 3138 2660 3139 3140 3141 3142 3143 3144 3145 2182 2723 3146 
3147 3148 1013 2728 3149 3150 3151 3152 3153 1910 10 2736 3154 2738 3155 3156 
3157 1721 2658 2728 436 3150 3158 3159 3160 1111 10 2720 1913 2738 1875 3156 
3161 1863 2800 2741 3162 3163 2743 2264 3164 569 1458 635 2268 2749 3165 3166 
3167 3168 3169 2728 3170 3171 3172 3173 3174 3175 3176 3177 3178 3179 3180 3181 
3182 1863 66 3183 3184 3171 3172 3185 3186 3187 442 3188 2771 2749 3180 3166 
3189 3190 3191 2261 3192 2684 3193 3194 3195 3196 3197 3198 3199 3200 3201 3202 
3203 3204 3205 2290 2754 2684 3206 3207 1485 3196 712 3198 3208 2785 2786 2258 
1479 3190 1854 2290 3209 1808 3210 2264 3211 1471 3212 1840 1149 2785 1812 2258 
3213 2442 1864 2290 2273 2766 3210 3207 3214 1883 2759 2720 3215 1418 2786 2694 
3216 1230 3217 2847 1663 2887 3218 3219 3220 329 1596 878 3221 2855 2440 2005 
3222 3223 3224 3225 1160 3226 3227 1310 3228 425 1678 1174 3229 1314 1340 1699 
3230 3231 3232 3233 3234 3235 3236 3237 3238 3239 3240 3241 3242 3243 3244 3245 
3246 3247 1573 387 3248 3249 838 3250 3251 1402 3252 3253 3254 814 943 825 
3255 3042 3256 2870 3257 3258 3047 3259 3260 2576 3261 3262 3263 3264 3265 3266 
3267 3268 3269 3270 3271 3272 3273 3274 3275 3276 3277 3278 3279 3280 3281 3282 
3283 3247 1573 2870 3248 1025 838 1586 3284 1053 1570 2878 268 814 2190 3083 
3285 3286 3287 2870 3288 3046 3289 2018 3290 3050 2021 2878 3291 2024 3292 1206 
3293 3294 1931 3295 3296 3297 3298 3299 3300 1953 3301 2399 3302 2390 3303 3304 
3305 3306 3307 1932 3308 3309 3310 3311 3312 2576 3313 3001 3314 3315 2372 2897 
3316 3074 1625 1693 2941 2872 2563 3317 3318 3142 394 395 3319 3320 1613 3304 
933 3286 1692 1924 2659 2872 3321 3322 3323 1402 2577 395 3324 2567 1956 1942 
2569 2884 3307 1932 3325 3309 3310 3311 3326 2576 3000 3327 3328 2655 3329 1942 
3330 3331 1013 3332 3333 3249 2161 995 3334 3335 2009 2022 1018 1010 1044 3336 
2521 2912 3337 1693 3338 2524 3310 3339 3340 3341 2906 3342 2541 2468 3343 2910 
3344 3345 3346 3347 3348 3349 3350 3078 3351 3071 1030 3352 3107 1033 3353 1034 
3354 3355 3356 3357 3358 3359 3360 3361 3362 3363 3364 3365 3366 3367 3368 3369 
3370 3355 3371 3372 3373 3359 3374 3361 3375 3376 3377 3378 3379 3380 3381 3369 
3382 3383 2 51 1302 3384 3385 3386 3387 3388 3389 187 3390 3391 3392 3393 
0 3394 50 51 340 3384 3385 3395 3396 89 3397 3398 220 3391 14 3393 
3399 3400 50 179 3401 3384 3402 3403 3404 3405 3406 3407 3408 3409 3410 3411 
3412 3413 3414 3415 3416 3417 3418 3419 3420 3421 3422 3423 3424 3425 3426 3427 
3428 3429 50 3430 3431 3432 3433 3434 3435 3436 3437 3438 3439 3440 3441 3442 
3443 3394 50 51 1302 3384 3402 3395 1163 3388 3444 187 3445 3440 1315 3442 
3446 3400 146 179 3447 3384 1444 3448 3449 3450 3451 3452 220 3453 142 3454 
3455 3456 50 3457 3458 5 3459 3460 3461 3462 3463 3464 3465 3466 3467 3468 
3469 113 162 3415 3470 149 86 3471 3472 3473 3397 3474 3475 221 462 3468 
3476 3477 50 51 3478 5 3479 3480 3481 3482 3483 11 3484 3485 14 3486 
3487 3456 130 51 3470 181 3488 3489 3490 3491 3389 3492 747 173 142 3468 
3493 145 3494 163 212 149 761 3495 3496 3497 3498 3499 3500 173 3501 3502 
3503 145 162 163 212 1492 3504 3505 1157 153 764 3506 3507 221 3501 671 
3508 3509 178 179 3510 149 3511 3512 3513 3514 3515 3516 3517 173 3518 3519 
3520 3521 3522 3523 3524 3525 3526 3527 3528 3529 3530 3407 3531 3532 3533 3427 
3534 3413 3535 3523 3536 3525 3433 3537 3538 3529 3539 3423 3540 3425 3426 3541 
3542 3543 3544 3372 3545 3546 3547 3548 3549 3550 3422 3551 3552 3553 3554 3555 
3556 3557 3558 3559 3560 3561 3562 3563 3564 3565 3566 3567 3568 3569 3570 3571 
3572 3557 3573 3559 3574 3575 3576 3577 3578 3579 3580 3581 3582 3583 3584 3585 
3586 3587 946 3588 3589 3590 3591 3592 3593 3594 3595 3596 3597 3583 3598 3599 
3586 465 3600 3601 3602 3603 3604 3605 3606 3607 3608 3609 3610 3611 3612 3613 
304 273 274 793 817 829 3614 3615 3616 3617 3618 283 3619 285 3620 3613 
3621 3622 50 3623 3624 3625 3626 3627 3628 3629 3630 3631 3632 3633 3634 3599 
3635 3636 3637 3638 3639 3640 3641 3642 3643 3644 3645 3646 3647 3648 3649 3650 
3651 3652 3653 3654 3655 3656 3657 3658 3659 3660 3661 3662 3663 3664 3665 3666 
3667 3668 844 3669 3670 3671 3672 3673 3674 3675 3676 3677 3678 3679 3680 3681 
3682 3683 3684 3559 3685 3671 3686 3687 3688 3675 3689 3690 3691 3692 3680 3693 
3694 3636 3695 3696 3697 3671 3591 3698 3699 3700 3701 3702 3703 3704 3598 3705 
3706 3707 3708 3709 3710 3711 3712 3713 3714 3715 3716 3717 3718 3719 3720 3681 
3721 3652 306 51 3722 5 3723 3724 3725 3726 3727 3728 3729 3730 542 3731 
3732 3733 50 51 1302 3384 3604 3734 3735 3736 3737 11 3738 3739 542 3613 
304 465 50 51 1267 3384 3740 3724 3741 3617 3742 11 3743 3611 1315 3613 
3744 3745 3746 3747 3748 3749 3750 3751 3752 3753 3754 3755 3632 285 3756 3757 
304 3745 1554 51 3758 3384 3759 3760 783 3617 3737 11 3761 285 1195 479 
3762 3763 306 3764 3765 3359 3766 3767 3768 3769 3770 3771 3772 3773 3774 3775 
0 1 2 51 3776 1242 3777 3778 3779 3780 602 11 460 445 446 3781 
3782 3783 3784 3785 3786 3787 3788 3403 3789 3790 3791 3792 3793 3794 3795 3796 
3797 3798 3799 3800 3801 3802 3803 3804 3805 3806 3807 3808 3809 3409 3810 3796 
3811 3652 3799 3800 3722 3802 3812 3813 3814 3376 3815 3816 3552 3817 3818 3819 
3820 3733 306 51 3821 3384 3488 3822 3823 3388 3444 11 3824 3825 142 3731 
3826 3827 2 51 52 3384 3385 3822 3828 3829 3830 3831 3832 3825 3833 3834 
3835 3836 3837 179 3838 341 3839 3840 120 3841 3842 3843 3844 221 3845 3486 
3846 3836 2 3430 3401 3384 3839 3847 3848 3849 3850 3851 3852 3853 3854 3796 
3855 3783 3856 3857 3858 3802 3859 3448 3860 3861 3862 3863 3864 3865 3866 3867 
3868 3543 3356 51 52 3546 3547 3548 3869 3870 3871 3872 3873 3367 3874 3875 
3469 3400 3876 179 3447 3384 3839 3448 3877 3878 3451 3863 3879 3865 142 3880 
3881 1 3882 51 3883 3384 3884 3885 3886 3887 3888 3851 3889 3825 1315 3486 
3890 3891 3892 51 4 677 3893 3894 3895 3896 3897 3898 3899 3900 3901 3902 
3903 3904 3905 3906 3907 3908 3909 3910 3911 3912 3913 3914 3915 3916 3917 3918 
3919 3904 3920 3921 3922 3923 3909 3924 3925 3912 3926 3927 3928 3929 3917 3930 
3931 3932 1746 3933 3934 3935 3936 3910 3937 3938 3939 3940 3941 3942 3943 3944 
3945 3946 306 3947 3948 3935 3949 3950 3951 3952 3953 3954 3955 3956 3957 3944 
3958 3946 50 3430 3959 3960 3961 3962 3963 3964 3965 3966 3967 3968 3969 47 
3970 3971 130 115 3972 117 3973 3974 3975 3976 3977 3978 3979 3980 3981 3982 
3983 3984 3985 163 3986 149 3987 3988 3989 3990 3991 3992 3993 3994 3518 3502 
3995 3996 3494 163 3997 3998 3999 4000 4001 4002 4003 4004 4005 4006 4007 3502 
759 3836 114 163 4008 149 1493 3847 4009 3990 4010 3992 4011 3532 3518 159 
4012 4013 4014 3523 4015 3525 4016 3527 4017 4018 4019 4020 4021 3532 4022 4023 
352 273 4024 4025 4026 3603 3604 4027 4028 3617 4029 4030 4031 285 3665 3613 
304 17 50 3430 1267 3384 4032 3734 3823 3660 3770 3872 4033 3968 3969 3731 
4034 273 306 4035 4036 4037 4038 4039 4040 4041 4042 4043 4044 285 4045 4046 
4047 4048 4049 3669 4050 3603 4051 3592 4052 4053 4054 852 4055 4056 4057 3613 
4058 4059 4060 259 4061 4062 4063 4064 4065 4066 4067 363 4068 285 4069 4046 
4070 3587 4071 4072 3574 4073 4074 3592 4075 4076 3595 852 4077 854 4078 4079 
4080 4081 4082 4083 4084 4085 3712 4086 4087 4088 4089 4090 4091 4092 4093 4094 
4095 4096 1277 4097 4098 4099 4100 4101 4102 4103 4104 4105 4106 4107 4108 4109 
4110 3668 4111 4112 4113 3575 4114 4115 4116 4117 4118 4119 4120 4121 4122 4123 
4124 4125 4126 3588 4127 3575 4128 4129 4130 4131 4132 4133 4134 3611 1315 4135 
4136 4137 3837 483 4138 4139 4140 4141 4142 4143 4144 4145 4146 4147 4148 351 
304 49 4149 3 4150 3384 4151 4152 4153 4154 4155 4156 4157 4158 1315 4079 
4159 3400 3856 4083 4160 3384 4161 4162 4163 4164 3807 4165 4166 3730 3612 3666 
4167 4125 3784 3800 4168 4169 4170 4171 4172 4173 4174 4175 4176 4177 4178 3613 
4179 4180 4181 4182 4183 4184 4185 4186 4187 3594 4188 4189 4190 4191 4192 3705 
4193 4194 4195 4196 4197 4198 4199 4200 4201 3700 4202 4203 4204 4205 4206 3681 
4207 3652 4208 4025 4209 3749 4210 4211 4212 3753 4213 4165 4214 4215 3756 3666 
4216 4125 4181 3669 4217 3575 3839 4218 4219 4220 4221 4222 4223 4092 4224 3705 
4225 3707 4181 4226 4227 3671 3839 4228 4229 4230 4231 3863 4232 4233 4234 4235 
4236 4237 3837 4238 4239 117 3839 4240 4241 4242 4243 4244 4245 4246 4247 159 
4248 4249 4250 3638 4251 4252 4253 4254 4255 4256 4257 4258 4259 3704 4093 4260 
4261 3763 3371 3764 4262 3359 3374 3361 4263 3363 4264 4265 4266 4267 3368 3775 
4268 3763 4269 4270 4271 3359 3374 3361 4272 4273 3364 3365 4274 4275 4276 4277 
4278 3836 50 115 3416 5 3803 4279 4280 4281 4282 4283 4284 221 142 3393 
4285 3763 386 3764 4262 613 3949 4286 4287 4288 4289 4290 4291 4267 238 3775 
4292 3763 1013 3357 4293 4294 3766 3950 4295 3769 4296 4297 4298 3773 4299 3775 
4300 1 1013 3 4301 3384 4302 4303 4304 3388 410 315 4305 4306 478 4307 
4308 3429 50 3430 4309 5 406 3847 4310 3849 3444 4311 4312 3825 478 47 
4313 3763 50 19 4314 3384 3374 4315 4316 4317 4318 3365 4319 3773 542 3775 
4320 4321 306 19 781 3749 3766 4322 4323 4324 4325 315 4326 3968 4299 3775 
4327 3798 4328 3430 4329 4330 3526 4331 4332 3806 4333 3816 4334 4335 4336 4337 
4338 593 3837 115 3447 149 4339 4340 4341 3841 4342 155 3475 3865 4343 351 
4344 3836 3837 115 4345 149 406 3840 4346 4347 4348 3851 4349 4350 142 3393 
4351 4352 4353 3430 4354 4355 3433 4356 4357 3861 3444 3816 4358 4359 4360 4361 
4362 4363 4364 4365 4366 3935 4367 4368 4369 3952 4370 3872 4371 3942 4372 4373 
4374 3543 3544 19 4375 3546 3547 4376 4377 4378 4379 4380 4381 4382 3874 4383 
4384 4385 4386 3906 3922 3908 4387 3924 4388 3912 4389 4390 4391 4392 3943 4393 
4394 4385 4395 3906 4396 3935 4387 3924 4397 4398 4399 3914 4400 4401 4402 3930 
4403 4404 4386 3921 4405 3908 4406 3924 4407 4408 3926 3927 3928 4409 4410 4411 
4412 4413 4414 4415 3922 3908 4416 4417 4418 4419 3926 4420 4421 4422 3917 4411 
4423 4413 4424 3906 4425 3908 4426 4427 4428 4429 4430 4431 3915 4422 3917 3930 
4432 4433 4434 4435 4436 4437 723 4438 4439 4440 4441 3474 3844 4442 4443 4444 
4445 4446 4447 4448 4449 4450 4451 4452 4453 4454 4455 3407 4456 3865 4457 4135 
4458 4459 4460 3430 36 3960 3433 3434 4461 4462 3437 4463 4464 4465 4466 3902 
4467 4468 4469 3523 4470 4471 4472 4473 4474 4475 4476 3551 4477 4478 4479 4480 
4481 4482 3892 163 1491 149 4483 4484 4485 4486 4487 4488 4489 4490 4491 4492 
4493 3996 4494 163 4495 149 4496 4497 4498 4499 4500 4501 4502 4503 4504 4505 
4506 273 4507 275 4508 4509 4510 4039 4511 4512 4513 363 4514 237 4515 4516 
3586 3683 1277 3638 4517 3575 3562 4186 4518 4519 4054 3581 4520 854 4192 3705 
4521 4522 4523 4524 4525 4526 4527 4528 4529 3376 4530 4531 4532 3664 4533 4277 
4534 4535 4536 4537 4538 4539 4540 4541 4542 4543 4544 235 4545 237 4546 255 
4547 4535 4548 4549 4550 261 4551 4552 4553 4554 4555 4556 4557 285 238 239 
4558 273 4559 275 4560 4561 4562 4563 4564 4565 4566 4043 4567 4568 4069 4046 
4569 4535 4570 4571 4572 4573 4574 4575 4576 4577 4566 4578 4579 4580 4581 4582 
4583 273 4559 4549 4550 261 4562 4584 4585 4586 4587 4588 4589 4267 3368 239 
4590 353 4591 243 356 4539 4592 4593 4594 233 4544 4043 4595 237 4596 4582 
400 353 4597 355 4598 21 4599 4600 4601 4565 4042 4043 4602 237 1195 4046 
4603 1288 306 387 4604 4605 4606 4607 4608 3617 4174 4609 4610 4611 1315 4046 
4612 780 1573 4613 4614 389 4615 4616 4617 377 362 27 925 4618 4619 4516 
4620 3733 386 387 4026 389 4621 4622 4623 4624 4625 27 4626 381 4627 4046 
4628 4629 674 387 4630 4605 3614 4152 4631 4632 4633 11 4634 285 1315 4046 
4558 353 4507 4025 356 4539 4635 4636 4637 4638 4544 4043 4639 285 4276 4046 
4640 4641 4642 339 4643 3575 4644 4645 4646 4647 4648 4649 4650 3704 4224 3705 
4651 4652 4653 4196 4654 4198 4655 4656 4657 4131 4658 4203 4659 3583 4660 3571 
3586 4641 4049 339 4517 4139 3686 4661 4662 4173 3595 3581 4663 3583 4664 351 
4665 4641 1277 3696 4666 4198 4667 4668 4669 4670 4671 3581 4672 4673 4674 3571 
4675 3733 306 387 4 21 406 4676 4677 313 4678 4679 316 477 1315 63 
4680 4652 338 339 2530 437 4681 4682 4683 425 4684 603 1966 477 4685 15 
4686 4652 4687 51 4688 597 102 4279 4689 4690 4691 3863 4692 3853 4224 3393 
4693 4694 50 4695 4696 3359 4697 4698 4699 4700 4701 4702 4274 4703 4276 4704 
4034 4705 4706 4025 4707 4708 3766 4709 4710 4711 4712 4713 4044 285 4714 3775 
4261 4705 4715 4365 4262 3359 4716 4717 4718 3964 4719 4290 4720 4721 4722 4373 
4723 4705 4724 387 781 21 4725 4726 4727 4728 4729 27 4730 29 4299 4373 
4313 4705 4731 387 36 21 3812 3962 4732 4733 4734 4713 4735 285 3381 3775 
4313 3745 4706 387 4309 3359 614 4636 4736 4288 4737 4702 4738 477 4739 47 
940 3745 1013 51 4740 21 3812 4741 4742 3753 4743 27 4744 3380 3833 63 
4745 4746 50 51 36 3384 406 4676 4747 4748 3397 4463 4749 3825 4750 4361 
4751 177 50 51 1014 3384 406 4356 4752 3829 4753 11 1136 3825 542 3393 
4754 33 50 51 1309 597 4755 3885 4756 9 4757 187 4758 477 4759 15 
4760 3355 4761 3372 4762 3359 4763 4698 4764 3870 4765 4766 4767 3380 4768 3369 
4769 4770 3356 3372 4771 3359 4772 4773 4774 4775 4776 3365 4777 3380 4768 3369 
4778 4779 4469 51 4780 3384 4781 4782 4783 4784 3830 4785 4786 3825 3441 4480 
4787 4788 4789 51 3416 4355 406 4376 4790 4378 4791 4463 4792 3825 3969 3555 
4793 4363 4794 4365 3922 3908 4795 4796 4797 4408 4798 4799 4800 4801 4802 4411 
4803 4770 4804 4805 4806 4807 4808 4322 4809 4810 4811 4812 4813 4359 3554 4814 
64 4815 306 4816 4817 4807 4818 3962 4819 4820 3965 4821 4822 4823 4824 63 
4825 4826 4827 4365 4828 3359 4829 4830 4831 4398 4832 4833 4834 4721 4835 4411 
64 4836 1013 4837 1381 21 70 3962 4838 4839 4840 4841 1000 29 542 1081 
4842 641 4843 211 4844 1492 4845 4846 4847 4347 4848 4849 4850 4851 4852 703 
4853 4854 2789 4855 4856 597 4857 4858 4859 4860 4861 4501 4862 221 190 4863 
4864 3984 338 211 212 1492 3488 4865 4866 4347 4867 4501 4868 173 3501 4869 
4870 4871 4872 3415 3431 3525 4873 4874 4875 4876 4877 4878 3852 4478 4879 4480 
4880 4881 4882 4883 196 4884 4885 4886 4887 4888 4889 4890 4891 4892 4893 4492 
1329 4746 50 51 420 3384 3759 4894 4895 313 4896 11 4897 477 1195 3880 
4898 4899 4900 3654 4901 3625 4902 4903 4904 4905 4906 4907 4908 4215 4909 3666 
4910 4911 4653 339 4912 3590 4913 4218 4914 4519 4174 4915 4916 4191 3570 3705 
4898 4917 4208 4918 4560 4509 4902 4919 4920 4921 4922 4923 4924 4925 4909 4046 
4926 4249 4927 3638 4928 4929 4930 4931 4932 4173 4933 3596 4934 4935 4936 3585 
4207 4937 4250 4025 4938 4939 4940 4941 4942 4173 4943 4944 4945 4946 4947 3666 
4948 4949 4950 4951 4952 3575 4953 4954 4955 4956 3689 4957 4958 4959 4960 4961 
4962 4963 4964 4182 4643 3575 4965 4966 4967 4647 4968 4649 4969 3583 4224 4094 
4970 3745 4971 4025 4026 4561 4902 4972 4973 4974 4975 4043 4532 285 4581 4976 
4898 3745 4559 4977 4978 4561 3766 4979 4980 4981 4982 4983 3738 4984 4985 4277 
4986 273 4987 4988 4209 3749 4989 4990 4991 4992 4993 4994 4995 4984 3620 4704 
4996 273 4559 4549 4997 3359 4998 4999 5000 5001 4734 4043 5002 285 4276 4046 
5003 4535 5004 5005 5006 5007 5008 5009 5010 4565 362 4578 5011 237 5012 5013 
5014 4059 5015 5016 356 4539 3766 247 5017 4543 4544 555 5018 269 5019 255 
5020 273 306 387 1585 389 4615 5021 5022 5023 4587 4043 5024 285 4299 5025 
5026 273 5027 4025 5028 389 4599 5021 5029 4565 4712 4043 5030 381 398 255 
5031 780 1013 387 4 389 406 5032 5033 5034 5035 27 909 381 414 15 
5036 3745 5037 4025 5038 3384 5039 5040 5041 3753 5042 5043 5044 5045 5046 4046 
5047 3400 50 4448 5048 3384 5049 3448 5050 5051 4174 4258 5052 854 3795 4361 
4159 3636 50 5053 5054 3384 5055 4254 5056 5057 5058 5059 5060 3730 3441 3666 
5061 3745 50 4025 5062 3749 5063 4356 5064 3753 4213 75 5065 4984 478 4361 
4686 33 50 4448 3883 3384 5066 4356 5067 4154 58 187 3832 477 142 3393 
5068 3733 3856 51 4160 4450 5069 3813 5070 3726 5071 5072 5073 4233 1315 4704 
5074 3355 5075 19 5076 5077 5078 4376 5079 5080 5081 5082 5083 5084 5085 5086 
5087 33 530 611 4780 69 406 4676 56 41 5088 11 3852 61 46 5089 
96 5090 130 4435 5091 149 5092 5093 5094 5095 5096 5097 5098 125 126 4961 
5099 33 50 611 1309 677 4302 5100 5101 313 5088 4812 5102 61 4750 319 
5103 4705 530 4365 5104 5105 4829 3950 5106 4820 5107 4297 5108 4823 3774 4373 
5109 145 210 4435 4345 149 150 4000 5110 5111 5112 3474 220 125 4022 159 
5113 5114 5115 4435 5116 4450 86 5117 5118 5119 5120 3474 5121 5122 142 4337 
5123 5124 5115 4435 148 149 150 5125 5126 5127 5128 4501 4349 125 4759 127 
5129 3477 3892 611 52 677 70 4676 5130 41 58 5131 188 189 4759 5089 
5132 5124 5133 595 5134 677 5135 5136 5137 5138 3397 5139 5140 189 5141 63 
5142 3477 50 611 52 4355 406 3822 5143 4820 3397 59 5144 4359 142 319 
5145 33 50 19 52 4355 406 5146 5147 3964 3389 3872 4312 61 5148 319 
3469 5149 5150 211 4345 117 4781 3822 5151 89 5152 5153 5154 221 5155 1099 
5156 145 4328 83 4345 4355 182 5157 5158 89 3389 3851 3475 3865 142 127 
3542 4468 5159 5160 5161 4450 5162 5163 5164 3870 4476 5165 5166 5167 5168 3902 
5169 4468 5170 3415 5161 4450 5171 5172 5173 5174 5175 4812 5176 5167 5177 4337 
5178 4871 5159 4448 3416 4450 5179 5180 5181 4486 4476 5182 5183 4442 5168 3867 
5184 5185 5186 51 3478 5187 5188 5189 5190 5191 5192 5193 5194 4892 5195 5196 
5197 3891 530 5198 52 4355 4472 5199 5200 5201 5202 5203 5204 5205 5206 5207 
5208 577 50 51 4780 677 406 5209 5210 5211 5212 3851 188 445 5213 3902 
5214 5215 530 19 5216 4355 70 5217 5218 5219 4753 5131 5220 4823 5221 5089 
5222 5223 5224 5225 5226 5227 5228 5229 5230 5231 5232 5233 5234 5235 5195 5236 
4754 33 50 4448 3416 4450 3402 3822 56 9 3397 4812 5237 4359 142 63 
5238 780 5037 4035 5239 806 4615 5240 5241 5242 5243 4043 5244 365 238 5245 
5246 1970 4049 5247 5248 4139 5249 5250 5251 3594 5252 1174 5253 301 5254 4079 
3586 3733 4126 51 1160 1242 5255 4676 5256 5257 4174 3631 5052 61 3634 3613 
5258 780 306 355 787 4605 4930 5259 5260 810 1194 1557 5261 365 286 5245 
5262 4937 5263 4182 4928 4929 5264 5265 5266 4131 5267 5268 5269 3633 5270 3650 
5271 4911 3695 4182 5272 4169 4170 5273 5274 3594 5275 3596 5276 854 1315 3585 
5277 4937 4149 5247 5272 5278 5279 5280 5281 5282 5283 5284 5285 854 4078 3613 
0 4629 306 435 5286 1242 5287 5250 5288 5289 5290 59 3761 61 5291 319 
5292 4180 3558 4951 5293 5294 3576 5295 5296 5297 3676 5298 5299 4673 4674 3705 
4898 5300 5037 611 5301 4605 5302 5303 5304 5305 4625 5306 5307 365 5308 4046 
5309 4705 4706 4025 5310 4708 5311 5021 5312 3753 5313 5314 5261 365 4515 4046 
5315 5316 594 4182 5317 597 5318 5319 5320 5051 458 5284 5321 854 5322 5323 
5324 3400 4126 3709 5325 4450 5326 4331 5327 5328 4174 3702 5329 5330 4336 4260 
5331 5332 4971 3372 4707 3749 3766 5333 5334 5335 5336 283 5337 4568 4515 4582 
4898 4522 5338 5339 5340 5341 4989 5342 5343 5344 5345 5346 5347 5348 3756 5349 
5350 5351 594 595 5352 149 5353 5354 5355 5356 5357 107 5358 493 494 127 
5359 5360 290 5361 5362 4252 5363 5364 5365 4117 4144 3702 5366 3583 3584 5323 
5367 3636 5368 3696 5369 4252 5370 5371 5372 5373 5374 3609 5375 854 4178 3650 
5376 3429 3892 51 4780 597 4032 5377 5378 9 5379 5380 5381 5382 5383 319 
5384 4705 50 19 5385 4355 5039 4322 5386 41 5387 4713 5388 365 46 4046 
5389 5390 1277 5247 5391 1242 5353 5392 5393 5394 4054 11 5395 605 4178 3867 
4751 145 5396 83 84 5397 4755 4340 5398 89 4054 107 188 461 1315 5399 
5400 5401 306 611 5402 469 5403 5404 5405 5406 5407 11 5408 5409 4078 5410 
5411 465 50 51 52 5412 5413 4676 5414 9 4625 11 5415 5416 4078 3585 
608 33 530 51 1069 69 406 4676 5417 313 5418 5419 5420 61 5421 319 
5324 5422 4126 4448 5423 5424 5425 5426 5427 5428 5429 3851 5430 5431 5432 5399 
5433 5434 50 5435 5436 3384 5437 5438 5439 5440 3737 5441 5442 3865 4457 3880 
5443 5444 5445 115 5446 5447 502 5354 5448 5449 5450 107 5451 5452 510 4961 
5453 5434 4126 4448 4227 4252 5454 5455 5456 4173 3737 5457 5052 61 3410 3867 
5458 497 498 115 5459 149 5460 5461 104 5462 4243 155 5463 701 4007 159 
0 3383 50 83 52 69 406 5464 5465 9 5466 59 444 445 462 319 
5467 4468 306 51 5468 3384 70 4676 5469 4784 5470 3851 3832 3865 4336 63 
3846 3477 3892 51 5471 4355 4302 5472 5473 4784 5379 5380 5474 4359 5475 3867 
5476 465 50 51 4354 533 5477 4726 4819 5478 10 59 5479 61 414 319 
4745 33 530 51 4309 5480 5481 3822 5482 41 5483 5484 5485 13 5486 5089 
5487 465 50 51 36 3384 70 5488 5489 313 58 5131 4033 61 142 3867 
5490 145 4014 3415 5491 1492 5492 5493 5494 5495 5496 3474 5497 3865 5498 5499 
5500 4468 50 4448 52 4450 5501 3395 5502 3491 3389 5503 5504 3865 3833 3880 
5505 33 530 19 5506 4355 614 3950 5507 5508 42 43 5509 5510 5511 319 
5512 33 5513 3372 5514 5077 5515 5146 5516 5508 5517 43 5518 5519 46 5520 
5521 5522 5523 211 4345 1107 5179 5524 5525 3896 5526 4878 1508 5527 5206 3902 
5528 3543 5529 1501 5530 5187 1108 5531 5532 5533 5534 5535 1508 5536 5537 5196 
5538 5539 50 4816 5540 3960 5179 5541 5542 5543 5544 5193 5545 5519 5546 5196 
5547 4237 210 211 3470 181 182 4846 152 153 5548 4501 3517 221 5549 127 
5550 5185 5224 4816 5551 3960 614 5552 5553 5554 5555 3966 5545 5556 5557 5196 
5558 3543 4872 5225 5559 5187 5228 5560 5561 5231 5562 5233 5563 5564 5565 5196 
5566 161 162 211 5567 117 86 5568 5569 5570 5571 5572 5573 221 5574 5575 
5576 5422 4195 4448 4345 5424 5092 5577 5578 3473 3608 3407 220 349 142 3880 
5579 3636 5580 3709 5581 3590 5582 5583 5584 5585 5586 3646 5587 5588 1315 3613 
5589 5351 4195 4448 5391 597 5590 5577 5591 121 4054 171 1966 509 4660 127 
5592 5332 4559 4549 5593 245 5594 279 5595 5596 5597 283 5598 237 4515 4976 
3635 3636 5599 4182 5600 3575 5370 5601 5602 4173 5603 5604 5605 5606 3612 3613 
5607 4125 1301 4182 5608 3590 5609 5610 5611 5612 5613 3646 5614 3648 3584 5615 
5616 4911 2 4196 5617 5618 3788 5619 5620 5621 5622 3702 5623 5624 5625 5626 
5627 5628 5629 4951 5630 5631 5632 5633 5634 5095 4118 5635 5636 5637 5638 5639 
5640 5401 5641 1167 5642 1242 5643 5273 5644 5645 5646 4944 5647 5648 5308 3613 
5649 780 5650 611 5651 245 5652 5653 5654 5655 5656 395 5657 365 5658 47 
5659 4911 3856 339 5048 3575 5660 5661 5662 5663 3608 3646 5664 5665 3584 5615 
5666 5667 5650 35 5668 245 4599 5303 5669 5655 5670 283 5261 365 5308 47 
5671 4911 5672 5673 5674 3575 5675 5676 5677 4053 4054 3567 5678 4107 5679 3880 
5680 5628 5681 339 5682 5294 5353 5683 5684 5685 5686 1283 5687 854 4343 495 
5688 5689 5672 579 5690 5691 342 5364 5692 5693 5694 5695 5696 4107 4148 351 
5697 5698 5699 339 947 5700 5701 5702 3779 5703 5704 107 5705 5706 94 351 
5707 5708 4653 339 3685 5709 4667 5710 5711 5712 5713 5714 5715 5716 3680 5717 
5718 5719 5720 339 5721 3575 5722 5723 5724 5725 5726 5727 5728 5729 4674 351 
5730 4779 5699 4448 5731 5424 5732 5733 5734 5735 3608 5736 5737 3409 142 127 
5738 5332 5739 4270 5740 5105 5741 4698 5742 41 4264 4588 4266 5743 5744 3369 
5745 5746 578 5747 1319 5748 5749 5750 5751 2138 5752 4957 5753 349 5754 351 
5755 353 5650 5016 5756 5757 5758 5759 5760 5023 234 555 5761 365 4299 383 
5762 3355 4715 4270 5763 3359 5764 5765 5766 5767 5768 5769 5770 4721 5771 3369 
384 369 4724 307 5772 373 614 5773 930 5774 362 395 5775 285 4299 383 
5776 65 2 1996 1616 1242 893 5702 5777 5778 602 603 5779 445 1315 351 
5780 3971 98 339 5781 149 5782 5783 5784 121 5785 5786 5787 5788 3845 5399 
5745 161 4653 579 947 133 5789 5790 5791 121 5792 3851 3475 157 142 3880 
5793 5351 98 131 5794 149 86 5795 5796 5797 5798 5786 5799 109 5800 127 
4308 4468 1013 611 36 597 614 311 5801 4748 42 395 5802 445 446 47 
5803 5804 306 307 3948 613 614 39 5516 5805 5806 5807 5808 5519 5148 5520 
304 65 50 4448 3478 1242 406 119 5809 121 186 603 188 445 4343 47 
5810 4854 5811 5812 4856 5813 5814 1534 5815 5816 5817 5818 2771 189 190 575 
5819 1317 5820 5821 580 5822 5823 119 5824 5825 5826 523 5827 445 981 351 
96 3971 210 211 5828 149 118 119 136 153 5829 3516 220 157 5800 703 
5830 4468 5150 5831 4470 3546 3433 5832 5833 5834 5835 5836 5837 5167 142 5838 
5839 4788 4789 4448 5840 4330 5841 5842 5843 5844 3437 5845 5846 5167 5847 3555 
5848 33 5849 5225 5540 3960 5850 39 5851 4820 5852 5484 5853 4721 5854 47 
5855 5522 2 51 5856 1107 5857 55 5858 5859 5860 5484 1136 5536 1098 1876 
5861 5862 5863 5864 5865 5187 5866 5867 5868 5869 5870 5871 5872 5536 5873 5874 
5875 5522 530 5876 3478 5187 5877 5878 5879 5880 5881 5535 5882 221 5565 5883 
3469 5522 210 211 4856 597 118 119 584 121 202 523 5884 221 446 351 
5885 209 194 51 5886 5813 6 567 5887 569 1458 5888 1136 189 446 447 
791 5889 1566 67 927 1944 374 5890 392 832 362 395 1204 365 1559 910 
400 3223 290 5891 5892 1333 5893 5894 5895 473 1651 5896 1550 5897 5898 5899 
5900 5901 870 5902 324 4099 5903 5904 5905 5906 5907 1283 5908 4107 2980 5909 
5910 5911 5912 4112 5913 5914 5915 5916 5917 5918 5919 5920 4969 5921 5922 5639 
1059 5923 674 1996 580 1675 5924 5925 5926 5927 5928 5929 5930 5931 5932 351 
5933 5934 5935 5936 5682 872 5937 5938 5939 1965 1596 299 5940 4107 5754 607 
5941 5901 5942 1996 5943 1675 5944 5945 5946 5947 5948 5949 5950 5951 5952 495 
5659 4911 1301 339 340 5618 5953 5676 584 5954 5955 5956 5957 4177 5958 607 
5959 5960 1301 339 5961 847 5675 5962 5963 1245 5686 5964 5965 349 1239 351 
4754 465 5966 339 5967 3590 342 5962 5968 5969 4174 11 3475 349 1315 351 
304 305 1301 307 5970 1544 2057 5894 5971 425 410 11 5972 13 1315 479 
5973 433 2 627 5974 5700 5975 5702 5976 5977 5978 5979 5980 5981 5270 351 
64 369 786 307 5982 1544 5983 5984 5985 473 410 823 5986 381 78 415 
5987 3636 4250 5988 5391 1242 5370 5989 5990 5954 5991 852 5992 5981 1315 351 
5993 3745 5994 467 5642 5995 5370 5996 5997 3617 5243 3631 5998 3633 286 5999 
6000 6001 6002 6003 5352 5700 5675 5925 6004 6005 5785 139 6006 5931 6007 351 
3820 465 6008 4448 6009 1242 6010 5702 6011 5969 6012 475 1313 1314 446 351 
6013 4949 6014 5435 6015 4198 5675 5723 6016 6017 6018 6019 6020 4959 4224 351 
5208 4652 5699 4448 6021 53 6 183 456 425 442 6022 5799 61 142 5399 
1307 145 6023 4448 4150 4198 5425 5180 6024 6025 3608 3863 6026 3865 4457 5399 
6027 6028 50 4448 4217 5424 6 5583 6029 89 5379 6030 6031 3739 1315 5399 
6032 4522 2 307 6033 53 5069 5180 6034 57 442 3631 5381 61 46 319 
922 273 4706 307 5593 373 550 6035 1581 6036 6037 823 6038 381 238 319 
6039 1208 306 307 2186 373 614 391 1581 1402 6040 475 6041 397 2190 479 
6042 177 514 627 5781 5700 342 978 6043 569 6044 139 6045 445 881 495 
6046 433 2 211 436 677 6 599 6047 217 1458 11 1136 4306 446 351 
6048 305 306 3 1106 677 614 23 6049 313 442 1079 6050 6051 6052 1126 
304 465 50 307 6053 373 6 6054 6055 393 442 475 6056 397 14 479 
6057 145 434 211 6058 213 86 87 6059 89 6060 5139 4349 93 5800 5399 
6061 3745 6062 307 4354 53 1371 535 6063 41 410 475 6041 397 4750 319 
464 177 434 4448 6009 53 6064 949 6065 5735 5785 475 5381 445 142 351 
6066 305 2 307 1014 373 614 39 6067 313 4840 475 6068 397 46 479 
6069 305 2185 19 6070 613 614 39 6071 313 6072 395 76 397 6073 319 
6074 1728 1013 19 6075 613 614 39 6076 617 6077 395 6078 1010 6079 1045 
5476 33 50 51 4470 4355 614 535 6080 41 5088 4463 6081 13 6082 319 
6083 6084 2203 1533 6085 5813 3158 6086 6087 6088 2735 6089 6090 1914 6091 6092 
6093 4826 6094 2160 6095 6096 6097 995 6098 6099 6100 6101 6102 557 5148 1045 
6103 1734 514 1533 2776 5813 438 87 6104 185 5817 1420 6105 1418 881 6106 
6107 6108 6109 211 6110 6111 6112 167 6113 6114 6115 4501 6116 6117 1522 6118 
6119 33 1013 51 6120 613 614 535 6121 41 410 395 5234 445 46 1126 
3487 1499 50 51 6122 5 614 5867 6123 1111 6124 6089 6125 6126 446 1126 
6127 6128 6129 4448 4470 53 4302 1372 6130 5735 6131 6132 220 6133 446 5838 
6134 305 50 5225 6135 613 6136 6137 6138 6139 6140 5484 5234 5510 5221 4383 
6141 5185 306 4365 6142 6143 614 23 6144 6139 6145 6146 6147 5510 5085 4383 
6148 6128 1013 51 308 677 614 5867 6149 6139 5088 5484 5485 6126 5195 4383 
352 273 6150 355 6151 229 230 247 6152 233 6153 363 6154 381 238 271 
6155 401 6156 1932 6157 1544 860 6158 6159 1628 6160 411 2541 6161 943 415 
6162 369 6163 355 1561 373 2396 6164 1581 832 886 823 6165 814 2190 271 
6166 1179 258 259 6167 1025 550 6168 6169 265 6170 267 268 381 238 271 
6171 6172 6173 323 6174 6175 6176 6177 6178 6179 6180 6181 6182 6183 6184 6185 
6186 2431 6187 5936 292 293 6188 6189 6190 6191 6192 299 6193 2003 6194 6195 
6196 6197 6198 1167 1302 293 5370 295 6199 6200 6201 299 6202 5897 1315 4079 
6203 273 6204 355 6205 277 4599 279 6206 233 4067 363 6207 365 238 4277 
6208 6209 6210 6211 6212 6213 6214 6215 6216 6217 6218 6219 6220 6221 6222 6223 
6224 6225 6226 339 6227 6228 6229 6230 6231 6232 6233 3690 6234 6235 4660 5399 
6236 6237 6238 355 781 373 390 391 6239 1402 410 395 1204 381 6240 1206 
6241 6242 370 6243 6244 1544 6245 6246 831 832 6247 1557 784 814 943 910 
6248 433 2 307 1302 389 6249 391 6250 473 6251 5306 6252 397 1315 479 
6253 577 3837 5936 1443 6254 6255 6256 6257 89 6258 6259 1540 4959 4685 351 
5987 305 5263 6260 6261 1242 6010 6262 6263 6264 6265 411 6266 445 46 415 
5671 6001 5699 339 5794 597 6267 6268 6269 425 5792 139 6270 6271 6007 351 
4751 6272 2 339 6273 1242 342 6274 6275 89 6276 11 220 61 1315 351 
6277 5923 6278 5936 580 597 342 949 6279 6005 5798 5786 6280 605 526 351 
6281 465 66 467 1258 1242 406 583 6282 473 442 475 1698 445 78 479 
304 33 530 307 6053 4355 614 23 536 41 6283 475 5509 6284 6285 319 
6286 6287 6288 339 6289 597 6290 6291 6292 6293 6294 5441 5957 6295 1802 6296 
6297 177 6298 595 6299 6300 6301 6302 6303 6304 6305 6306 3844 6295 5800 351 
6307 49 50 51 6308 21 22 6309 6310 6311 6312 27 44 61 3392 15 
1691 65 34 467 6313 5995 310 55 6314 313 6312 475 6315 397 6316 63 
