539 7 0 1722
0 1 2 3 4 5 5 
6 1 2 3 4 7 7 
6 1 2 3 4 8 8 
6 1 2 3 9 10 10 
11 12 2 3 13 8 8 
11 1 2 3 9 14 14 
11 12 2 3 9 15 15 
11 12 2 3 9 16 16 
0 1 2 3 4 17 17 
6 12 2 3 4 18 18 
6 12 2 3 4 19 19 
11 12 2 3 9 20 20 
11 12 2 3 4 19 19 
11 1 2 3 4 21 21 
11 12 2 3 4 22 22 
11 1 2 3 9 23 23 
24 1 2 25 4 26 26 
24 27 2 25 4 28 28 
24 27 29 30 31 26 26 
24 1 29 30 31 28 28 
24 27 32 33 31 34 34 
24 27 29 35 36 37 37 
24 27 29 35 4 38 38 
24 27 29 35 36 28 28 
24 1 29 25 31 38 38 
24 27 39 25 36 40 40 
24 27 39 30 41 42 42 
24 27 39 35 36 43 43 
24 27 29 30 36 42 42 
24 27 39 35 36 44 44 
24 27 29 30 31 45 45 
24 27 29 25 31 28 28 
24 1 2 25 46 47 47 
11 27 29 25 48 49 49 
24 27 29 50 51 52 52 
24 1 29 50 53 54 54 
24 27 29 50 55 56 56 
24 27 39 30 31 57 57 
0 27 29 30 31 18 18 
0 27 29 30 4 57 28 
0 27 29 30 58 59 59 
24 27 29 33 36 60 60 
6 12 29 50 9 7 7 
24 1 29 25 9 61 61 
24 12 62 50 9 63 63 
6 1 64 50 51 65 65 
24 27 66 50 51 67 67 
24 27 29 50 48 68 68 
69 70 71 50 72 73 73 
74 70 71 50 75 76 76 
77 78 79 80 81 82 82 
83 78 79 80 84 85 85 
86 87 88 89 90 91 91 
92 93 94 95 96 97 97 
98 99 100 101 102 103 103 
104 105 100 106 107 108 108 
109 110 111 112 113 114 114 
115 116 117 118 119 120 120 
121 116 122 123 124 125 125 
126 127 128 129 130 131 131 
132 127 133 134 135 136 136 
137 138 133 139 140 141 141 
142 138 79 139 143 144 144 
145 146 147 148 75 149 149 
150 151 152 153 154 26 26 
155 156 157 158 159 160 160 
161 162 163 164 165 166 166 
167 168 169 170 171 172 172 
173 174 175 176 177 178 178 
179 180 181 182 183 172 40 
184 185 186 187 188 189 189 
190 191 192 187 193 194 194 
195 196 197 198 188 199 199 
200 201 202 203 188 194 194 
204 205 206 207 208 209 209 
210 211 212 213 214 215 215 
216 217 218 219 220 221 221 
222 223 224 225 226 227 227 
228 229 230 231 232 199 199 
233 229 152 234 159 199 199 
235 205 236 207 208 26 26 
155 205 237 238 159 239 239 
240 241 242 243 244 245 245 
246 241 242 247 193 248 248 
167 241 249 247 250 42 42 
179 251 252 253 183 28 166 
254 241 255 256 188 189 189 
254 257 258 259 193 199 194 
254 260 261 262 188 199 199 
184 191 263 198 264 265 265 
266 196 267 247 268 209 209 
210 269 267 270 268 271 271 
210 269 272 219 273 274 274 
246 241 169 182 275 28 28 
276 185 186 187 208 199 199 
228 201 267 187 208 42 42 
277 278 279 280 281 282 282 
283 284 285 286 287 288 288 
289 290 291 292 293 294 294 
295 296 297 298 299 300 300 
301 302 303 304 305 306 306 
307 308 309 310 311 312 312 
313 314 315 316 317 318 318 
319 320 321 322 323 324 324 
325 326 327 328 329 330 330 
331 320 332 333 334 335 335 
336 337 338 339 340 341 341 
342 343 344 345 346 347 347 
348 349 350 351 352 353 353 
354 355 356 357 358 359 359 
360 361 362 363 364 365 365 
366 367 368 369 370 371 371 
0 70 71 50 72 372 372 
24 27 71 50 4 373 373 
24 27 29 30 9 374 374 
24 12 29 30 9 375 375 
24 27 32 33 4 376 376 
24 27 39 30 4 377 377 
24 27 29 25 31 378 378 
24 27 39 35 36 379 379 
24 27 39 30 31 38 38 
24 27 39 25 36 28 28 
24 27 29 30 41 380 380 
24 27 29 30 9 381 381 
0 27 29 25 36 382 382 
24 27 383 30 4 384 384 
24 27 383 25 385 386 386 
24 1 71 148 75 387 387 
388 389 390 391 392 199 199 
393 394 395 396 193 397 397 
398 399 400 401 402 403 403 
404 405 406 407 408 409 409 
410 411 412 413 414 415 415 
416 417 418 419 420 421 421 
422 423 424 425 426 427 427 
428 429 430 431 432 194 194 
433 434 435 431 436 437 437 
438 439 440 431 441 442 442 
443 444 445 446 441 447 447 
448 449 450 451 452 453 453 
454 455 456 451 457 458 458 
459 460 461 462 463 464 464 
465 466 467 462 468 469 469 
470 471 472 473 474 475 475 
476 477 478 479 480 481 481 
482 99 483 484 485 486 486 
487 488 489 490 491 492 492 
493 494 495 496 497 498 498 
499 146 500 501 502 59 59 
503 138 383 504 505 506 506 
507 12 2 508 509 510 510 
511 27 512 30 513 16 514 
515 516 517 518 519 520 520 
521 1 522 523 524 525 525 
526 70 527 528 9 529 529 
530 531 532 533 534 535 535 
536 537 538 80 539 540 540 
541 542 543 544 545 546 546 
547 548 549 550 551 552 552 
553 116 554 555 556 557 557 
558 449 559 560 561 265 265 
562 455 563 564 565 566 566 
567 434 568 569 57 570 570 
571 572 467 573 574 575 575 
576 471 577 578 579 580 580 
581 582 583 578 584 585 585 
586 587 588 589 590 591 591 
592 394 395 593 41 594 594 
595 596 395 597 598 28 28 
599 411 600 601 41 602 602 
603 411 604 605 384 606 606 
607 608 609 610 611 612 612 
613 417 614 615 616 617 617 
618 619 440 620 621 622 622 
623 423 624 625 626 627 627 
628 429 629 630 626 631 631 
632 633 634 635 636 199 199 
637 638 639 635 640 397 397 
641 638 639 642 643 209 209 
644 645 646 647 41 648 648 
649 650 646 651 652 437 437 
653 650 39 651 654 655 655 
653 650 39 35 36 656 656 
657 650 39 35 658 199 199 
659 1 39 35 660 437 437 
661 27 662 35 31 28 28 
661 663 32 35 36 26 26 
664 663 662 33 665 453 453 
666 667 668 35 4 26 26 
669 670 671 35 452 37 37 
672 673 29 30 674 469 469 
672 673 675 676 674 475 475 
677 678 32 30 679 26 26 
680 27 32 30 36 28 28 
680 681 32 682 683 42 42 
684 685 686 682 687 688 688 
689 690 691 33 36 692 692 
693 694 671 35 695 37 397 
696 673 675 635 683 199 199 
697 650 675 635 640 40 199 
698 633 699 635 636 700 700 
701 638 702 676 640 40 397 
703 12 704 642 705 209 209 
706 707 708 709 710 711 711 
712 650 713 714 36 715 715 
716 27 39 35 717 718 718 
719 720 39 35 36 721 721 
722 663 39 35 660 475 199 
723 724 79 50 509 725 725 
726 724 147 148 727 728 728 
729 730 79 148 143 731 731 
732 730 733 50 727 734 734 
735 87 79 148 75 306 306 
736 93 79 737 738 739 739 
736 740 741 742 743 744 744 
745 746 747 748 749 750 750 
751 752 753 754 755 756 756 
757 758 759 760 761 762 762 
763 764 765 766 767 768 768 
769 770 771 772 773 774 774 
775 776 777 778 779 780 780 
781 782 122 123 783 784 784 
785 786 489 123 143 787 787 
788 786 147 789 790 791 791 
792 793 794 795 208 26 26 
796 205 797 798 193 799 799 
800 205 801 802 40 803 803 
804 211 801 805 806 38 38 
807 808 809 810 811 812 812 
813 814 815 816 817 818 818 
819 820 821 822 823 189 189 
824 820 821 825 826 194 194 
827 828 829 825 154 199 199 
830 831 832 153 159 475 475 
833 156 834 835 836 447 447 
837 838 839 840 841 453 453 
842 843 844 845 846 847 847 
848 849 169 845 463 464 464 
850 849 851 852 468 469 469 
853 854 855 852 474 397 397 
558 856 857 858 436 475 475 
859 860 563 861 441 40 40 
862 860 568 863 864 397 397 
571 865 461 451 866 688 688 
576 867 868 869 870 871 871 
581 872 873 874 875 397 397 
586 876 588 877 468 878 878 
879 471 472 877 402 397 397 
595 880 881 882 402 700 700 
599 883 884 885 208 886 886 
887 883 400 888 402 209 209 
607 411 889 890 891 892 892 
893 894 895 896 897 898 898 
899 619 900 901 226 227 227 
623 429 624 902 903 721 721 
628 429 904 431 436 475 905 
906 907 908 909 910 911 911 
912 650 904 35 913 914 914 
915 916 917 25 918 919 919 
920 916 904 35 921 922 922 
923 444 924 925 926 17 17 
927 865 445 858 660 57 57 
927 455 450 861 58 928 928 
929 867 930 931 866 932 932 
929 933 934 882 935 265 265 
936 867 937 882 938 525 525 
939 940 941 942 392 943 943 
944 945 946 593 468 300 300 
947 948 949 593 950 380 380 
951 952 704 642 36 953 954 
955 417 704 642 41 956 956 
955 429 662 957 958 959 959 
960 961 962 963 964 965 965 
966 967 968 969 964 397 397 
970 971 972 973 402 209 209 
974 975 976 977 710 409 409 
978 417 979 980 981 415 415 
982 983 984 985 654 421 986 
987 988 646 989 990 656 656 
991 992 993 994 658 397 397 
995 996 997 431 660 199 199 
998 999 1000 1001 1002 475 475 
1003 1004 1005 1001 1002 447 447 
1006 1007 1005 1008 665 453 453 
1009 1010 1011 1012 1013 268 268 
1014 1015 1016 1017 1018 464 464 
1019 1020 1021 1022 468 469 469 
1023 1024 1025 1026 640 475 475 
1027 1028 1029 1030 1031 1032 1032 
1033 1034 1035 1036 1037 728 728 
1038 1039 1040 1041 1042 1043 1043 
1044 1045 1046 1047 1048 300 1049 
1050 1051 1052 1053 1054 1055 1055 
1056 1057 1058 1059 1060 1061 1061 
1062 1063 1064 1065 1066 1067 1067 
1068 1069 1070 1071 1072 324 324 
1073 1074 1075 1076 1077 1078 1078 
1079 1080 1081 1082 1083 1084 1084 
1085 1086 1087 1088 1089 341 341 
1090 1091 1092 1093 1094 1095 1095 
1096 1097 1098 1099 1100 1101 1101 
1102 1103 1104 1105 1106 1107 1107 
1108 1109 1110 1111 1112 1113 1113 
1114 1115 1035 1116 1117 791 791 
632 633 634 635 636 725 725 
641 638 639 635 640 566 566 
641 633 639 642 643 1118 1118 
644 645 646 642 683 18 28 
649 645 1119 642 674 56 56 
653 650 39 651 990 28 28 
653 650 39 35 990 1120 1120 
657 650 39 30 658 1121 1121 
659 27 997 35 436 1122 1122 
661 663 662 35 1002 1123 1123 
661 663 662 33 36 1124 1124 
666 663 662 33 31 1125 1125 
666 667 686 33 36 63 63 
672 670 671 682 679 65 65 
672 673 675 33 674 1126 1126 
697 673 675 676 687 28 28 
0 1 2 30 679 1127 1127 
24 27 29 30 683 1128 1128 
11 1 29 30 31 8 8 
11 1 32 30 9 10 10 
11 12 29 50 9 1129 1129 
11 27 39 30 31 1130 1130 
24 27 29 30 31 1131 1131 
24 27 29 35 31 1132 1132 
1133 27 39 35 4 1127 1127 
24 27 29 30 31 1134 1134 
24 27 29 30 51 1135 1135 
0 27 383 50 48 1136 1136 
11 12 383 50 51 1137 1137 
11 27 383 25 1138 1139 1139 
11 27 383 50 4 1140 1140 
11 27 29 25 683 1141 1141 
24 1142 1143 1144 1145 1146 1146 
1147 690 29 1148 727 728 1149 
1150 673 29 1148 51 1151 1151 
1152 673 39 50 1153 1154 1154 
24 650 671 25 1155 42 42 
439 720 639 30 1156 1157 1157 
0 645 639 35 4 1158 1158 
429 12 639 35 31 1159 1159 
423 694 1160 25 679 1161 1161 
1162 12 1163 30 9 1164 1164 
1165 27 1166 533 1167 1168 1168 
1169 1170 1171 1172 1173 1174 1174 
1175 12 1176 1177 1167 1178 1178 
24 1179 1180 1177 1181 1182 1182 
24 663 29 1183 1184 1185 1185 
1186 667 1187 1188 1189 1190 1190 
1191 1192 1193 1194 679 199 199 
1195 667 686 682 683 265 265 
1196 681 686 682 683 475 475 
1197 685 1198 1012 866 688 688 
1199 1200 1201 1202 1203 692 692 
1204 1205 1206 635 1207 397 397 
1208 1024 467 635 636 878 878 
1209 1210 1211 963 636 397 397 
1212 961 1211 963 964 700 700 
1213 1214 972 1215 643 886 886 
1216 1217 972 635 705 209 209 
1218 1219 1220 1221 1222 711 711 
1223 1224 1225 1226 990 1227 1227 
1228 650 1229 647 717 718 718 
1230 650 662 994 1231 721 721 
1232 663 662 1001 1231 905 475 
1233 1234 1235 1236 1237 1238 1238 
1239 1240 1241 1242 1243 1244 1244 
1245 1246 1247 1248 1249 1250 1250 
1251 1252 1253 1254 1255 1256 1256 
1257 1258 1259 1260 1261 1262 1262 
1263 1264 1265 1266 1267 1268 1268 
1269 1270 1271 1272 1273 1274 1274 
1275 1276 1277 1278 1279 1280 1280 
1281 1282 1283 1284 1285 1286 1286 
1287 1282 1288 1289 1290 1291 1291 
1292 1293 1294 1295 1296 1297 1297 
1298 1299 1300 1301 1302 1303 1303 
1304 1305 1306 1307 1308 1309 1309 
1310 1311 1312 1313 1314 1315 1315 
1316 1317 1318 1319 1320 1321 1321 
1322 1323 1324 1325 1326 1327 1327 
476 1328 1329 1330 1331 1332 1332 
121 99 1333 1334 1335 288 1336 
132 724 489 789 1335 1337 1337 
1338 724 147 789 1339 1340 1340 
503 146 147 139 1341 964 964 
1342 730 383 50 143 1343 1343 
1342 1 71 50 509 1344 1344 
1345 146 71 50 75 1159 1159 
663 70 71 50 1138 1346 1346 
526 87 79 50 1138 1347 1347 
1348 87 79 80 84 1349 1349 
1348 1350 549 1351 1352 1353 1353 
1354 116 1355 1356 84 1357 1357 
1354 1358 94 1359 1360 1182 1182 
1361 99 1362 1363 1364 1365 1365 
1366 116 1367 1368 1369 1370 1370 
632 633 62 25 674 965 965 
1133 638 62 1371 640 7 7 
1133 673 66 642 41 1372 1372 
644 645 62 647 36 1373 1373 
1374 650 66 35 981 1375 1375 
653 1376 66 35 654 1377 1377 
1133 27 62 35 36 1378 1378 
1379 650 62 35 658 1380 1380 
1379 1376 62 25 660 199 199 
1133 27 662 35 4 40 40 
1133 663 66 35 31 28 28 
664 27 686 35 665 475 475 
1381 667 668 35 31 1382 1382 
672 670 383 35 4 1383 1383 
672 673 383 682 674 1384 1384 
1385 673 675 676 683 28 28 
1133 1386 62 25 679 265 265 
1133 27 62 30 674 28 28 
1133 27 62 30 41 700 700 
1133 1 62 35 41 1387 1387 
1133 27 32 35 1388 1389 1389 
1133 1376 66 35 36 437 1377 
1133 1376 66 30 683 1120 1120 
1133 27 66 30 9 1121 1390 
1133 1 62 25 4 1383 1383 
1133 27 66 30 31 1391 1391 
1133 27 66 25 9 1392 1392 
1133 27 66 30 9 1393 1393 
1133 27 32 25 1138 1122 1122 
1381 27 383 25 4 18 18 
1133 27 71 25 4 1394 1394 
1133 27 64 30 683 905 905 
703 27 634 676 660 911 911 
1395 650 634 642 41 1396 1396 
1397 650 704 642 41 1398 1398 
1399 720 646 1001 683 1154 1154 
1395 650 662 35 36 56 56 
653 650 662 994 660 28 28 
1379 720 662 1001 990 45 45 
1379 1224 662 1001 1002 442 442 
1133 1400 997 1001 636 265 265 
661 667 1401 1001 1002 17 17 
689 663 671 1202 679 28 28 
666 1402 675 863 683 1403 1403 
666 650 668 676 674 1404 1404 
672 1405 675 676 640 59 1406 
1385 673 639 676 674 1407 1407 
1385 673 639 30 640 1408 1408 
1133 27 64 25 4 265 265 
1133 27 66 30 4 1409 1409 
1133 27 66 30 31 1410 1410 
1133 1 32 30 683 734 734 
1133 27 32 33 4 1411 1411 
1133 1 66 35 9 1412 1412 
1133 27 66 50 385 1413 1413 
1133 27 383 50 1414 384 384 
1133 27 383 1415 1416 1417 1417 
1133 27 383 1418 90 762 1419 
1133 27 383 50 1420 1421 1421 
1133 27 383 50 1420 1422 1422 
1133 12 383 50 48 1423 1423 
1133 27 383 50 1138 1424 1424 
1133 27 383 50 4 1425 1425 
0 27 383 50 4 1426 1426 
1427 1428 1429 1430 1431 1432 1432 
1433 1434 1435 1436 1437 1438 1438 
1439 1440 1441 1442 1437 1443 1443 
1444 1445 1446 1447 1448 1449 1449 
1450 1451 1452 1453 1454 1455 1455 
1456 1457 1110 1458 1459 1460 1460 
1461 1462 1110 1463 1464 1465 1465 
1466 1467 1110 1468 1469 1470 1470 
1471 1472 1473 1474 1475 1476 1476 
1477 1467 1478 1479 1480 1481 1481 
1482 1483 1484 1065 767 1485 1485 
1486 1487 1488 1489 1490 1491 1491 
1492 1493 1494 1495 1496 1497 1497 
1498 1499 1500 1501 1502 1503 1503 
1504 1505 1506 1507 1508 1509 1509 
1510 1511 1512 1513 1514 1515 1515 
1516 1517 79 50 75 1518 1518 
1519 1517 79 50 1138 1520 1521 
1519 1522 79 50 385 674 674 
1519 1523 71 1418 75 85 1524 
1525 87 71 1526 1527 91 91 
1528 1 383 1526 1529 97 1530 
1528 1531 1532 1526 1529 1533 1533 
1528 1531 383 50 1534 1535 1536 
1537 1531 383 25 1138 943 943 
1538 1539 1532 25 48 1134 1134 
1538 1539 1532 50 72 1135 1135 
1540 1539 383 50 1541 1542 1542 
1540 1539 383 148 72 136 136 
1538 78 1532 148 75 1543 1543 
1538 1531 1532 148 81 1544 1544 
1519 78 79 148 75 1545 1545 
1546 1547 1029 1030 1031 282 282 
1548 1549 1040 1041 1037 1550 1550 
1551 1552 1040 742 1042 1553 1553 
1554 1555 1556 1557 1558 1559 1559 
1560 1561 1562 1563 1564 1565 1565 
1566 1567 1568 1569 1570 1571 1571 
1572 1573 1574 1575 1576 1577 1577 
1578 1579 1580 1581 1582 1583 1583 
1584 1585 1586 1587 1588 114 114 
1589 1590 1591 1592 1593 120 120 
1594 1595 1596 1597 1598 1599 1599 
1600 1601 1602 1603 1604 1605 1605 
1606 1607 1608 1609 1610 1611 1611 
1612 1613 1614 1615 1616 1617 1617 
1618 1619 1110 1620 1112 144 144 
1621 1622 1623 1624 1625 1626 1626 
1627 1628 1629 1630 1631 481 481 
1632 1633 1634 1635 1636 486 486 
1637 1638 1639 1640 1641 1642 1642 
1643 1644 1645 1646 1647 1648 1648 
1649 1650 1651 1652 1653 1654 1654 
1655 1656 1110 1657 1658 1659 1659 
1660 1661 489 1662 1663 1664 1664 
1665 1656 1666 1667 1668 16 1669 
1670 1671 1672 1673 1674 520 520 
1675 1671 1676 148 1677 1678 1678 
1679 1680 1681 1682 1683 1684 1684 
1685 1686 1687 148 1688 1689 1689 
1690 1691 1692 1563 1693 1694 1694 
1695 1696 1697 1059 1698 1699 1699 
1700 1701 1064 1702 1703 1704 1704 
1705 1706 1707 1708 1709 1710 1710 
1133 1711 66 30 683 1372 1372 
1133 1711 66 30 9 10 10 
1133 27 66 35 36 1375 1375 
1133 1376 1712 1713 1714 1715 1715 
1133 1716 1712 1713 1717 1718 1718 
1133 27 1712 1713 1717 1719 1719 
1133 27 1712 1713 683 20 20 
1133 27 1712 35 4 1382 1382 
1133 1720 1712 1713 683 21 21 
1133 1716 1712 1713 683 1721 1721 
1133 27 1712 1713 683 1722 1722 
