34 16 0.996975 1.025774
1.000012 1.000012 1.000012 1.000012 1.000012 1.000012 1.000012 1.000012 1.000012 1.000012 1.000012 1.000012 1.000012 1.000012 1.000012 1.000012 
1.000012 1.000012 1.000012 1.000012 1.000012 1.000012 1.000012 1.000012 1.000012 1.000012 1.000012 1.000012 1.000012 1.000012 1.000012 1.000012 
1.000012 1.000012 1.000012 1.000012 1.000012 1.000012 1.000012 1.000012 1.000012 1.000012 1.000012 1.000012 1.000012 1.000012 1.000012 1.000012 
1.000012 1.000012 1.000012 1.000012 1.000012 1.000012 1.000012 1.000012 1.000012 1.000012 1.000012 1.000012 1.000012 1.000012 1.000012 1.000012 
1.000012 1.000012 1.000012 1.000012 1.000012 1.000012 1.000012 1.000012 1.000012 1.000012 1.000012 1.000012 1.000012 1.000012 1.000012 1.000012 
1.000012 1.000012 1.000012 1.000012 1.000012 1.000012 1.000012 1.000012 1.000012 1.000012 1.000012 1.000012 1.000012 1.000012 1.000012 1.000012 
1.000012 1.000012 1.000012 1.000012 1.000012 1.000012 1.000012 1.000012 1.000012 1.000012 1.000012 1.000012 1.000012 1.000012 1.000012 1.000012 
1.000012 1.000012 1.000012 1.000012 1.000012 1.000012 1.000012 1.000012 1.000012 1.000012 1.000012 1.000012 1.000012 1.000012 1.000012 1.000012 
1.000012 1.000012 1.000012 1.000012 1.000012 1.000012 1.000012 1.000012 1.000012 1.000012 1.000012 1.000012 1.000012 1.000012 1.000012 1.000012 
1.000012 1.000012 1.000012 1.000012 1.000012 1.000012 1.000012 1.000012 1.000012 1.000012 1.000012 1.000012 1.000012 1.000012 1.000012 1.000012 
1.000012 1.000012 1.000012 1.000012 1.000012 1.000012 1.000012 1.000012 1.000012 1.000012 1.000012 1.000012 1.000012 1.000012 1.000012 1.000012 
1.000012 1.000012 1.000012 1.000012 1.000012 1.000012 1.000012 1.000012 1.000012 1.000012 1.000012 1.000012 1.000012 1.000012 1.000012 1.000012 
1.000012 1.000012 1.000012 1.000012 1.000012 1.000012 1.000012 1.000012 1.000012 1.000012 1.000012 1.000012 1.000012 1.000012 1.000012 1.000012 
1.000012 1.000012 1.000012 1.000012 1.000012 1.000012 1.000012 1.000012 1.000012 1.000012 1.000012 1.000012 1.000012 1.000012 1.000012 1.000012 
1.000012 1.000012 1.000012 1.000012 1.000012 1.000012 1.000012 1.000012 1.000012 1.000012 1.000012 1.000012 1.000012 1.000012 1.000012 1.000012 
1.000012 1.000012 1.000012 1.000012 1.000012 1.000012 1.000012 1.000012 1.000012 1.000012 1.000012 1.000012 1.000012 1.000012 1.000012 1.000012 
1.000012 1.000012 1.000012 1.000012 1.000012 1.000012 1.000012 1.000012 1.000012 1.000012 1.000012 1.000012 1.000012 1.000012 1.000012 1.000012 
1.000012 1.000012 1.000012 1.000012 1.000012 1.000012 1.000012 1.000012 1.000012 1.000012 1.000012 1.000012 1.000012 1.000012 1.000012 1.000012 
1.000012 1.000012 1.000012 1.000012 1.000012 1.000012 1.000012 1.000012 1.000012 1.000012 1.000012 1.000012 1.000012 1.000012 1.000012 1.000012 
1.000012 1.000012 1.000012 1.000012 1.000012 1.000012 1.000012 1.000012 1.000012 1.000012 1.000012 1.000012 1.000012 1.000012 1.000012 1.000012 
1.000012 1.000012 1.000012 1.000012 1.000012 1.000012 1.000012 1.000012 1.000012 1.000012 1.000012 1.000012 1.000012 1.000012 1.000012 1.000012 
1.000012 1.000012 1.000012 1.000012 1.000012 1.000012 1.000012 1.000012 1.000012 1.000012 1.000012 1.000012 1.000012 1.000012 1.000012 1.000012 
1.000012 1.000012 1.000012 1.000012 1.000012 1.000012 1.000012 1.000012 1.000012 1.000012 1.000012 1.000012 1.000012 1.000012 1.000012 1.000012 
1.000012 1.000012 1.000012 1.000012 1.000012 1.000012 1.000012 1.000012 1.000012 1.000012 1.000012 1.000012 1.000012 1.000012 1.000012 1.000012 
1.000012 1.000012 1.000012 1.000012 1.000012 1.000012 1.000012 1.000012 1.000012 1.000012 1.000012 1.000012 1.000012 1.000012 1.000012 1.000012 
1.000012 1.000012 1.000012 1.000012 1.000012 1.000012 1.000012 1.000012 1.000012 1.000012 1.000012 1.000012 1.000012 1.000012 1.000012 1.000012 
1.000012 1.000012 1.000012 1.000012 1.000012 1.000012 1.000012 1.000012 1.000012 1.000012 1.000012 1.000012 1.000012 1.000012 1.000012 1.000012 
1.000012 1.000012 1.000012 1.000012 1.000012 1.000012 1.000012 1.000012 1.000012 1.000012 1.000012 1.000012 1.000012 1.000012 1.000012 1.000012 
1.000012 1.000012 1.000012 1.000012 1.000012 1.000012 1.000012 1.000012 1.000012 1.000012 1.000012 1.000012 1.000012 1.000012 1.000012 1.000012 
1.000012 1.000012 1.000012 1.000012 1.000012 1.000012 1.000012 1.000012 1.000012 1.000012 1.000012 1.000012 1.000012 1.000012 1.000012 1.000012 
1.000012 1.000012 1.000012 1.000012 1.000012 1.000012 1.000012 1.000012 1.000012 1.000012 1.000012 1.000012 1.000012 1.000012 1.000012 1.000012 
1.000012 1.000012 1.000012 1.000012 1.000012 1.000012 1.000012 1.000012 1.000012 1.000012 1.000012 1.000012 1.000012 1.000012 1.000012 1.000012 
1.000012 1.000012 1.000012 1.000012 1.000012 1.000012 1.000012 1.000012 1.000012 1.000012 1.000012 1.000012 1.000012 1.000012 1.000012 1.000012 
0.996975 1.015537 1.000012 1.000012 1.000012 1.000012 1.000012 1.000012 1.015987 0.999900 1.025774 1.000012 1.000012 1.000012 1.000012 1.000012 
