539 7 0.824761 1.117047
0.999448 0.999448 0.999448 0.999448 0.999448 0.999448 0.999448 
0.999448 0.989172 1.000589 1.007440 0.983463 0.999448 0.998306 
1.007440 0.997164 0.998306 1.008581 0.991455 0.999448 0.999448 
1.000589 0.991455 0.993739 1.005156 0.999448 0.999448 0.998306 
0.999448 0.999448 0.990314 1.010865 0.999448 1.019999 1.019999 
0.994881 0.981180 0.989172 0.999448 1.007440 0.999448 0.996022 
0.997164 0.997164 0.993739 0.999448 0.988030 0.999448 0.999448 
0.996022 0.992597 0.992597 1.000589 1.000589 0.999448 0.997164 
0.999448 0.986888 0.996022 0.998306 0.981180 0.999448 0.999448 
0.999448 0.997164 1.004014 0.997164 1.002873 0.999448 0.996022 
1.007440 1.000589 1.008581 1.008581 1.001731 0.999448 0.999448 
0.993739 1.006298 1.005156 1.017715 1.006298 0.999448 0.997164 
0.999448 1.001731 1.016574 1.025708 1.013148 1.008581 1.008581 
0.994881 0.989172 1.015432 1.016574 1.006298 0.999448 0.999448 
0.997164 1.008581 1.010865 1.012007 1.004014 0.999448 0.999448 
0.996022 0.988030 1.006298 1.014290 0.997164 0.999448 0.999448 
0.999448 1.005156 1.014290 0.999448 0.985747 0.999448 0.999448 
0.999448 0.999448 1.014290 1.005156 1.000589 0.999448 0.994881 
1.005156 0.994881 0.999448 0.999448 0.999448 1.001731 1.001731 
0.994881 0.980038 0.989172 0.991455 0.988030 0.968620 0.964054 
0.998306 0.992597 0.999448 0.999448 1.007440 0.999448 0.999448 
0.998306 0.999448 0.997164 0.999448 0.999448 0.999448 0.994881 
0.998306 0.996022 0.992597 0.998306 0.977754 0.999448 0.999448 
1.001731 0.992597 0.984605 0.997164 0.992597 0.964054 0.959487 
0.999448 0.996022 0.982321 0.977754 0.966337 0.997164 0.997164 
0.999448 0.994881 0.999448 0.983463 0.982321 0.999448 0.994881 
1.005156 0.996022 1.001731 0.990314 0.999448 0.999448 0.999448 
0.994881 1.000589 1.007440 1.009723 1.009723 0.999448 0.992597 
0.998306 0.996022 1.012007 1.002873 1.022282 0.986888 0.986888 
0.998306 1.006298 1.026849 1.023424 1.019999 0.999448 0.992597 
0.998306 1.002873 1.022282 1.025708 1.009723 0.999448 0.999448 
1.001731 1.004014 1.016574 1.017715 1.014290 1.007440 1.002873 
1.038267 1.023424 1.031416 1.001731 0.999448 0.999448 0.999448 
1.022282 1.019999 1.033700 1.033700 0.999448 0.999448 0.998306 
1.032558 1.019999 1.029133 0.999448 0.999448 0.999448 1.000589 
1.031416 1.006298 1.025708 0.988030 0.999448 0.999448 1.000589 
1.033700 1.012007 1.022282 0.986888 0.999448 0.999448 0.999448 
1.031416 1.014290 1.024566 1.019999 1.033700 0.999448 0.997164 
1.013148 1.016574 1.014290 0.998306 1.009723 1.014290 1.014290 
1.012007 1.014290 1.016574 1.007440 0.970904 0.958345 1.041692 
1.015432 1.027991 1.012007 1.002873 0.999448 0.999448 0.999448 
1.033700 1.021141 1.017715 1.018857 0.996022 0.999448 0.998306 
1.027991 1.027991 1.029133 0.980038 0.998306 1.010865 1.010865 
1.031416 1.016574 1.037125 1.022282 1.031416 0.999448 0.998306 
1.033700 1.027991 1.069094 1.007440 1.034842 0.999448 0.999448 
1.026849 1.022282 1.050826 0.997164 0.980038 0.999448 0.998306 
1.035983 1.029133 1.043975 1.001731 0.986888 0.999448 0.999448 
1.034842 1.024566 1.040550 0.996022 0.967479 0.999448 0.999448 
0.999448 0.999448 0.999448 0.972046 0.999448 0.999448 0.999448 
0.999448 1.001731 1.022282 0.996022 0.999448 0.999448 0.996022 
0.999448 0.999448 0.999448 0.999448 0.999448 0.999448 0.999448 
0.999448 1.010865 1.016574 1.007440 0.999448 0.999448 0.998306 
0.999448 0.999448 0.999448 0.999448 0.999448 0.999448 0.999448 
0.999448 0.999448 0.999448 0.999448 0.999448 0.999448 0.992597 
0.999448 0.999448 0.999448 0.999448 0.999448 0.999448 0.999448 
0.999448 0.999448 1.009723 0.999448 0.999448 0.999448 0.997164 
0.999448 0.999448 0.999448 0.999448 0.999448 0.999448 0.999448 
0.999448 0.999448 0.999448 0.999448 0.999448 0.999448 0.994881 
0.999448 0.992597 0.999448 0.999448 0.999448 0.999448 0.999448 
0.999448 0.999448 0.999448 0.999448 0.999448 0.999448 0.993739 
0.999448 0.991455 0.999448 0.999448 0.999448 0.999448 0.999448 
0.999448 0.999448 0.969762 0.999448 0.999448 0.999448 0.999448 
0.999448 0.998306 1.004014 0.983463 0.999448 0.999448 0.999448 
0.999448 0.999448 0.999448 0.999448 0.996022 0.999448 0.997164 
0.999448 0.999448 0.999448 0.999448 0.999448 0.989172 0.989172 
0.999448 0.999448 0.999448 0.999448 0.999448 0.999448 1.000589 
0.999448 0.999448 0.999448 0.999448 0.999448 0.999448 0.999448 
0.999448 0.999448 0.999448 0.999448 0.999448 0.999448 0.998306 
0.999448 0.999448 0.999448 0.999448 0.999448 0.999448 0.999448 
0.999448 0.999448 0.999448 0.999448 0.999448 0.989172 0.964054 
0.999448 0.999448 0.999448 0.999448 0.999448 0.999448 0.999448 
0.999448 0.999448 0.999448 1.010865 0.999448 0.999448 0.998306 
0.999448 0.999448 0.999448 0.999448 0.992597 0.999448 0.999448 
0.999448 0.999448 0.999448 0.999448 1.004014 1.016574 1.015432 
0.999448 0.999448 0.999448 0.999448 0.999448 0.999448 0.999448 
0.999448 0.999448 0.999448 0.999448 0.999448 0.999448 0.999448 
0.999448 0.999448 0.999448 0.999448 0.999448 0.999448 0.999448 
0.999448 0.999448 0.999448 0.999448 0.999448 0.999448 0.996022 
0.999448 0.999448 0.999448 0.999448 0.999448 0.976613 0.976613 
0.999448 0.986888 0.996022 0.999448 0.996022 0.989172 0.986888 
0.999448 0.988030 0.999448 0.984605 1.004014 0.981180 0.981180 
0.973187 0.968620 0.999448 0.999448 1.009723 0.999448 1.002873 
0.999448 0.999448 0.999448 0.999448 1.055393 0.999448 0.999448 
0.999448 0.997164 0.983463 0.999448 1.006298 0.999448 1.004014 
0.980038 0.985747 0.999448 0.985747 0.999448 0.981180 0.981180 
0.968620 0.999448 0.999448 0.999448 0.996022 0.972046 1.018857 
0.999448 0.970904 0.999448 0.999448 0.973187 1.025708 1.025708 
1.008581 0.999448 0.999448 0.999448 0.990314 0.985747 1.022282 
1.005156 0.999448 0.999448 0.999448 0.989172 0.983463 0.983463 
0.975471 0.973187 0.999448 0.967479 0.999448 0.999448 1.000589 
0.999448 0.974329 0.999448 1.001731 0.999448 1.019999 1.019999 
0.975471 0.999448 0.989172 0.999448 1.007440 0.999448 1.000589 
0.980038 1.000589 0.999448 0.968620 0.999448 0.999448 0.999448 
0.996022 0.997164 0.978896 1.010865 0.999448 0.991455 0.992597 
0.999448 1.008581 1.013148 1.006298 1.008581 0.994881 0.994881 
0.980038 0.980038 0.977754 1.008581 1.027991 1.017715 1.016574 
0.999448 0.999448 0.999448 0.999448 0.999448 0.999448 0.999448 
0.999448 0.999448 0.999448 0.999448 0.999448 0.999448 0.996022 
0.999448 0.999448 0.999448 0.999448 0.999448 0.999448 0.999448 
0.999448 0.999448 0.999448 0.999448 0.999448 0.999448 0.991455 
0.999448 0.999448 0.999448 0.999448 0.999448 0.999448 0.999448 
0.999448 0.999448 0.999448 0.999448 0.999448 0.999448 0.996022 
0.999448 0.999448 0.999448 0.999448 0.999448 0.999448 1.000589 
0.999448 0.999448 0.999448 0.999448 0.999448 0.999448 0.994881 
0.999448 0.999448 0.999448 0.999448 0.999448 0.999448 0.999448 
0.999448 1.017715 0.999448 0.999448 0.999448 0.999448 0.991455 
0.999448 0.999448 0.999448 0.999448 0.999448 0.999448 0.999448 
0.999448 0.999448 0.999448 0.999448 0.999448 0.999448 0.994881 
0.999448 0.999448 0.999448 0.999448 0.999448 0.999448 0.999448 
0.999448 0.999448 0.999448 0.999448 0.999448 0.999448 0.991455 
0.999448 0.999448 0.999448 0.999448 0.999448 0.999448 0.999448 
0.999448 0.999448 0.999448 0.999448 0.999448 0.999448 0.991455 
0.994881 0.988030 1.001731 1.002873 0.985747 0.999448 0.999448 
1.007440 1.010865 0.989172 0.977754 1.015432 0.999448 0.998306 
1.012007 1.007440 1.000589 1.005156 0.990314 0.999448 0.999448 
1.005156 1.005156 0.988030 0.994881 0.994881 0.999448 0.997164 
1.015432 1.002873 1.001731 1.001731 1.006298 0.999448 0.999448 
1.006298 0.999448 1.002873 0.999448 0.998306 0.999448 0.997164 
1.008581 1.002873 1.000589 0.992597 1.002873 0.999448 0.999448 
1.008581 0.996022 1.007440 1.007440 1.007440 0.999448 0.997164 
1.016574 1.008581 1.002873 0.993739 0.994881 1.005156 1.005156 
1.007440 0.999448 1.009723 0.994881 1.009723 1.018857 1.014290 
1.012007 1.001731 1.006298 1.007440 1.012007 0.999448 0.999448 
1.005156 1.008581 1.010865 1.016574 1.004014 0.999448 0.993739 
0.993739 1.009723 1.024566 1.005156 1.019999 0.999448 0.999448 
1.006298 1.015432 0.999448 1.012007 1.004014 0.999448 0.997164 
1.008581 1.017715 0.999448 1.019999 0.999448 0.999448 1.000589 
1.008581 1.004014 0.996022 0.966337 0.997164 0.999448 0.997164 
0.999448 0.999448 0.999448 0.999448 0.999448 0.993739 0.993739 
0.999448 0.999448 0.999448 0.999448 1.034842 0.999448 0.998306 
0.999448 0.999448 0.999448 0.999448 0.999448 0.999448 0.999448 
0.999448 0.999448 0.999448 0.999448 0.999448 0.999448 0.998306 
0.999448 0.999448 0.999448 0.999448 0.999448 0.999448 0.999448 
0.999448 0.999448 0.999448 0.999448 0.999448 0.999448 0.993739 
0.999448 0.999448 0.999448 0.999448 0.999448 0.999448 0.999448 
0.999448 0.999448 0.999448 0.999448 0.999448 1.019999 1.016574 
0.999448 0.999448 0.999448 0.993739 0.999448 0.999448 0.999448 
0.999448 0.999448 0.999448 1.013148 0.999448 0.999448 0.997164 
0.999448 0.999448 0.999448 0.999448 1.012007 0.999448 0.999448 
0.999448 0.999448 0.999448 0.999448 0.999448 0.999448 0.994881 
0.999448 0.999448 0.999448 1.023424 0.999448 0.999448 0.999448 
0.999448 0.999448 0.999448 0.999448 0.999448 0.999448 0.998306 
0.999448 0.999448 0.999448 1.005156 0.999448 0.999448 0.999448 
0.999448 0.999448 0.999448 0.999448 0.999448 0.999448 0.999448 
0.999448 0.999448 0.999448 0.999448 0.999448 0.999448 0.999448 
0.999448 1.008581 0.999448 0.999448 0.999448 0.999448 0.993739 
0.999448 0.999448 0.999448 0.999448 0.999448 0.999448 0.999448 
0.999448 0.999448 0.999448 0.999448 0.999448 0.999448 0.996022 
0.999448 1.010865 0.999448 0.999448 0.999448 0.972046 0.972046 
0.999448 0.973187 0.988030 0.999448 0.999448 0.999448 0.999448 
0.999448 1.008581 0.993739 0.999448 0.999448 0.999448 0.999448 
0.999448 0.994881 0.999448 0.980038 0.999448 0.967479 0.999448 
0.999448 0.999448 0.999448 0.999448 0.999448 0.999448 0.999448 
0.999448 0.988030 0.999448 0.999448 0.999448 0.999448 0.998306 
0.999448 0.977754 0.999448 0.999448 0.970904 0.999448 1.000589 
0.999448 0.999448 0.999448 0.999448 0.999448 0.999448 1.001731 
0.999448 0.999448 0.999448 0.980038 0.999448 0.999448 0.999448 
0.999448 0.999448 0.999448 0.999448 0.999448 0.999448 0.993739 
0.999448 0.999448 0.999448 0.999448 0.999448 0.999448 1.000589 
0.999448 0.996022 0.999448 0.999448 0.999448 0.999448 0.998306 
0.999448 1.002873 1.069094 0.999448 0.999448 0.984605 0.984605 
1.081653 1.016574 0.999448 0.999448 0.893265 0.999448 0.998306 
1.088503 0.982321 0.999448 1.072519 1.001731 0.999448 1.000589 
0.999448 0.999448 0.999448 0.999448 1.089645 0.999448 0.998306 
0.999448 0.996022 0.999448 0.999448 0.999448 0.999448 0.999448 
0.999448 1.075944 0.999448 0.973187 0.999448 0.999448 1.000589 
0.999448 1.077086 0.999448 0.999448 0.999448 0.999448 1.000589 
0.999448 0.970904 0.980038 0.999448 0.998306 0.999448 1.000589 
0.999448 0.999448 1.002873 0.999448 0.999448 1.009723 1.009723 
0.999448 0.992597 0.999448 0.999448 0.976613 0.999448 0.999448 
1.088503 1.019999 0.999448 0.999448 0.999448 0.999448 1.000589 
0.999448 0.999448 0.999448 0.999448 0.999448 0.999448 1.002873 
0.999448 1.002873 1.115905 0.999448 0.999448 0.999448 0.999448 
0.999448 0.999448 1.006298 0.999448 0.999448 0.999448 0.994881 
0.999448 0.991455 0.999448 0.999448 0.999448 0.999448 0.999448 
0.999448 0.978896 1.032558 0.999448 1.006298 0.999448 0.998306 
0.999448 0.999448 0.999448 0.999448 0.999448 1.014290 1.014290 
0.999448 0.999448 0.999448 1.004014 0.999448 1.010865 1.006298 
0.999448 0.994881 0.986888 0.999448 0.999448 0.999448 0.999448 
0.999448 0.999448 0.999448 0.999448 0.996022 0.999448 0.992597 
0.999448 0.999448 1.021141 0.999448 0.999448 1.015432 1.015432 
0.999448 1.016574 0.975471 1.015432 0.999448 0.999448 0.993739 
1.004014 1.017715 0.975471 0.964054 0.968620 0.999448 0.999448 
0.999448 1.016574 0.981180 0.986888 0.999448 0.997164 0.992597 
0.999448 0.974329 0.985747 0.976613 0.999448 1.026849 1.026849 
0.999448 0.962912 0.999448 0.981180 0.975471 0.988030 0.983463 
0.997164 0.999448 0.966337 0.977754 0.994881 0.989172 0.989172 
0.999448 0.992597 0.993739 0.972046 0.999448 1.010865 1.005156 
0.999448 0.999448 0.999448 0.983463 0.997164 0.991455 0.991455 
0.999448 0.999448 0.999448 0.972046 1.021141 0.992597 0.988030 
0.999448 0.999448 0.968620 0.977754 0.999448 1.004014 1.004014 
0.999448 0.993739 0.999448 0.999448 0.984605 1.013148 1.008581 
0.999448 0.999448 0.978896 0.972046 0.999448 0.977754 0.977754 
0.999448 0.966337 0.986888 0.983463 0.990314 0.984605 0.980038 
0.999448 0.999448 0.975471 0.999448 0.999448 1.018857 1.018857 
0.999448 0.999448 0.999448 0.980038 0.999448 0.999448 0.993739 
0.999448 0.999448 0.999448 0.975471 0.983463 0.999448 0.999448 
0.999448 0.999448 0.983463 0.967479 0.999448 0.975471 1.015432 
0.999448 0.998306 0.977754 1.004014 0.972046 0.989172 0.989172 
0.999448 1.000589 0.977754 1.019999 1.001731 0.975471 0.989172 
0.999448 0.999448 0.999448 1.018857 0.983463 0.999448 0.999448 
0.999448 1.005156 0.999448 0.983463 0.992597 0.975471 1.002873 
0.999448 0.964054 0.999448 1.012007 0.999448 1.014290 1.014290 
0.999448 0.999448 0.999448 0.999448 0.999448 0.999448 0.997164 
0.999448 1.009723 0.999448 0.999448 1.002873 0.999448 0.999448 
0.999448 0.975471 0.978896 0.988030 0.999448 0.999448 0.992597 
0.999448 0.999448 0.996022 1.004014 0.991455 0.999448 0.999448 
0.999448 1.004014 1.002873 1.001731 1.021141 1.017715 1.022282 
0.999448 0.999448 0.993739 1.005156 0.994881 0.999448 0.999448 
0.999448 0.999448 1.017715 0.989172 0.999448 0.999448 0.998306 
0.999448 0.999448 1.007440 0.985747 0.976613 0.999448 0.999448 
0.999448 1.006298 0.999448 1.002873 0.973187 0.999448 0.996022 
0.999448 1.012007 1.013148 1.006298 1.005156 0.970904 0.970904 
0.999448 1.012007 1.027991 0.999448 0.999448 0.999448 0.997164 
0.994881 0.999448 0.999448 0.999448 0.999448 0.999448 1.000589 
0.999448 0.999448 0.999448 0.999448 0.999448 0.999448 0.997164 
0.999448 0.999448 0.999448 0.999448 0.999448 0.999448 0.999448 
0.999448 0.999448 0.999448 0.999448 0.999448 0.999448 0.992597 
0.999448 0.999448 0.999448 0.999448 0.999448 0.999448 0.999448 
0.999448 0.999448 0.999448 0.999448 0.999448 0.999448 0.993739 
0.999448 0.999448 0.999448 0.999448 0.999448 0.999448 0.999448 
0.999448 0.999448 0.999448 1.008581 0.999448 0.999448 0.997164 
0.999448 0.999448 0.980038 0.996022 1.012007 0.999448 0.999448 
0.999448 0.982321 1.018857 0.999448 0.999448 0.999448 0.994881 
0.928659 0.999448 0.999448 0.949211 0.990314 0.966337 0.966337 
0.999448 0.988030 0.999448 0.999448 1.001731 0.999448 1.001731 
0.999448 0.986888 0.999448 0.948069 0.996022 0.999448 0.999448 
0.999448 0.964054 0.996022 0.999448 0.999448 1.005156 1.006298 
0.999448 0.999448 0.999448 0.929801 0.999448 0.999448 0.999448 
0.999448 0.999448 0.912675 0.911533 0.999448 0.999448 0.996022 
0.999448 0.999448 0.999448 0.927518 0.999448 0.996022 0.996022 
0.999448 0.991455 0.998306 0.999448 0.999448 1.002873 1.000589 
0.999448 0.999448 0.999448 0.993739 0.983463 0.985747 0.985747 
0.999448 0.892124 0.916100 0.986888 0.978896 1.001731 1.000589 
0.999448 0.994881 0.999448 0.999448 0.999448 0.968620 0.968620 
0.999448 0.999448 0.999448 0.925234 0.999448 0.986888 0.983463 
0.999448 0.905825 0.999448 0.999448 0.999448 0.999448 0.999448 
0.999448 0.999448 1.005156 0.982321 0.965195 0.990314 0.989172 
0.999448 0.997164 0.924093 0.999448 0.965195 0.976613 0.976613 
0.933226 0.999448 0.934368 1.008581 0.978896 1.001731 1.000589 
1.008581 0.999448 0.999448 0.999448 0.994881 1.005156 1.005156 
0.999448 0.999448 0.998306 0.999448 1.010865 1.005156 1.001731 
0.999448 1.005156 0.999448 0.999448 0.958345 1.021141 1.021141 
0.999448 0.999448 0.999448 1.001731 0.999448 1.005156 1.000589 
0.997164 0.999448 0.999448 0.999448 0.999448 0.999448 0.999448 
1.002873 0.999448 0.999448 0.999448 0.999448 1.021141 1.019999 
1.000589 0.999448 1.013148 0.999448 1.000589 0.999448 0.999448 
0.999448 0.980038 0.994881 1.022282 1.004014 1.004014 1.002873 
1.008581 0.999448 0.999448 0.999448 1.016574 1.007440 1.007440 
0.999448 0.999448 1.062243 0.999448 1.023424 0.999448 0.998306 
0.999448 1.008581 1.021141 0.999448 0.996022 0.991455 0.991455 
0.999448 1.016574 0.999448 0.999448 0.999448 0.999448 1.001731 
0.999448 0.999448 0.999448 0.999448 0.999448 0.999448 0.999448 
0.999448 0.986888 0.999448 0.999448 1.023424 0.980038 0.974329 
1.000589 0.992597 0.976613 0.999448 0.999448 0.976613 0.976613 
0.996022 0.985747 0.999448 1.005156 1.000589 1.023424 0.999448 
0.999448 0.999448 0.999448 0.999448 0.999448 0.999448 0.999448 
0.999448 0.959487 1.019999 1.007440 0.999448 0.999448 0.997164 
0.999448 0.999448 0.999448 0.982321 0.999448 0.999448 0.999448 
0.999448 0.997164 0.999448 0.974329 0.999448 0.999448 0.999448 
0.999448 1.009723 0.999448 0.999448 0.999448 1.012007 1.012007 
0.999448 0.981180 0.967479 0.999448 0.989172 1.026849 1.026849 
0.996022 0.975471 0.986888 0.975471 0.974329 0.999448 0.999448 
0.999448 0.981180 0.999448 0.999448 1.012007 0.999448 0.997164 
1.000589 0.999448 0.999448 1.012007 0.999448 0.996022 0.996022 
0.999448 0.986888 0.999448 0.996022 0.999448 0.966337 0.967479 
0.824761 0.999448 0.999448 0.999448 0.996022 0.999448 1.000589 
0.999448 0.999448 0.944644 0.997164 1.002873 0.973187 0.975471 
0.999448 0.999448 0.999448 0.988030 0.999448 0.986888 0.986888 
0.999448 0.999448 0.982321 0.966337 0.980038 0.951494 0.950353 
0.999448 1.013148 0.998306 0.991455 1.006298 0.999448 1.000589 
1.008581 1.018857 0.983463 0.999448 0.999448 0.999448 0.999448 
0.999448 0.999448 0.999448 0.999448 0.999448 0.999448 0.999448 
0.999448 1.058818 0.999448 0.999448 0.993739 1.015432 1.013148 
0.999448 1.048542 0.999448 0.999448 1.021141 0.997164 0.997164 
0.999448 1.047401 1.049684 0.999448 0.978896 0.976613 0.973187 
0.999448 1.015432 1.045117 1.038267 0.999448 1.023424 1.023424 
0.999448 1.041692 1.047401 0.999448 0.965195 1.030275 0.999448 
0.999448 1.038267 0.992597 0.999448 0.999448 0.980038 0.980038 
0.999448 1.033700 1.046259 0.999448 0.965195 1.009723 1.006298 
0.999448 1.032558 0.999448 1.022282 0.973187 1.006298 1.006298 
0.999448 1.033700 1.033700 0.999448 0.999448 1.005156 1.000589 
0.999448 1.034842 0.999448 0.988030 1.006298 1.013148 1.013148 
0.999448 1.038267 0.986888 1.037125 0.985747 0.994881 0.989172 
0.999448 1.043975 0.999448 0.999448 0.999448 1.010865 1.010865 
0.999448 1.051968 0.999448 1.043975 0.999448 0.999448 0.997164 
0.999448 1.058818 0.999448 0.999448 1.032558 1.000589 1.000589 
1.046259 0.999448 0.999448 0.999448 0.974329 0.991455 0.989172 
0.999448 0.999448 0.999448 0.999448 0.999448 0.999448 0.999448 
0.999448 0.999448 0.999448 0.999448 0.999448 1.023424 1.019999 
0.999448 0.999448 0.999448 0.999448 0.999448 0.999448 0.999448 
0.999448 0.999448 0.999448 0.999448 0.999448 0.970904 1.038267 
0.999448 0.999448 0.999448 0.999448 0.999448 0.999448 0.999448 
0.999448 0.999448 0.999448 0.999448 0.999448 0.999448 0.993739 
0.999448 0.999448 0.999448 0.999448 0.999448 0.999448 1.000589 
0.999448 0.999448 0.999448 0.999448 0.999448 1.006298 1.002873 
0.999448 0.999448 0.999448 0.999448 0.999448 0.999448 0.999448 
0.999448 0.999448 0.999448 0.999448 0.999448 0.999448 0.991455 
0.999448 0.999448 0.999448 0.999448 0.999448 1.017715 1.017715 
0.999448 0.999448 0.999448 0.999448 0.999448 0.999448 0.991455 
0.999448 0.999448 0.999448 0.999448 0.999448 0.999448 0.999448 
0.999448 0.999448 0.999448 0.999448 0.999448 0.999448 0.997164 
0.999448 0.999448 0.999448 0.999448 0.999448 0.999448 0.999448 
0.999448 0.999448 0.991455 0.999448 0.999448 1.012007 1.005156 
0.992597 0.980038 0.985747 1.004014 0.977754 0.984605 0.984605 
1.005156 0.985747 0.991455 0.994881 0.974329 0.982321 0.982321 
1.002873 0.962912 0.981180 0.988030 0.984605 0.999448 0.999448 
1.001731 0.988030 0.991455 0.993739 0.975471 0.984605 1.045117 
1.001731 0.998306 0.999448 0.988030 1.029133 0.990314 0.990314 
1.000589 1.018857 0.972046 1.012007 1.027991 1.005156 1.001731 
1.001731 1.022282 0.974329 0.975471 1.037125 0.999448 0.999448 
1.005156 1.015432 0.970904 0.974329 0.977754 0.999448 0.999448 
0.992597 0.977754 1.025708 0.969762 1.023424 0.999448 0.999448 
1.001731 0.992597 1.004014 0.980038 1.001731 0.999448 0.999448 
1.000589 0.986888 1.001731 0.969762 0.992597 0.999448 1.000589 
1.000589 0.983463 0.993739 0.968620 1.015432 0.999448 0.999448 
1.001731 0.994881 1.012007 0.980038 1.018857 0.976613 0.976613 
0.996022 0.994881 0.997164 0.994881 1.002873 0.962912 0.962912 
0.997164 0.991455 0.996022 0.962912 1.013148 0.999448 0.999448 
0.984605 0.984605 0.981180 0.978896 0.976613 1.035983 1.033700 
1.010865 0.999448 1.002873 0.994881 1.001731 0.999448 0.999448 
1.021141 1.002873 1.004014 1.001731 1.009723 0.999448 0.998306 
1.009723 0.993739 1.002873 1.009723 1.002873 1.019999 1.019999 
1.012007 0.996022 1.007440 1.008581 1.015432 1.024566 1.022282 
1.010865 1.005156 1.001731 0.977754 1.007440 0.999448 0.999448 
1.009723 0.998306 1.007440 0.998306 1.018857 0.999448 0.997164 
1.022282 0.997164 0.997164 0.991455 1.005156 0.999448 0.999448 
1.023424 0.996022 0.998306 1.002873 0.996022 0.999448 0.998306 
1.033700 1.008581 1.004014 1.004014 0.990314 0.989172 0.989172 
1.021141 1.001731 1.000589 0.997164 1.007440 0.999448 0.999448 
1.021141 1.005156 1.015432 1.014290 0.972046 0.999448 0.999448 
1.000589 1.008581 0.985747 0.976613 0.975471 0.999448 0.999448 
1.010865 1.008581 0.988030 0.994881 0.980038 0.999448 0.999448 
1.009723 1.004014 0.988030 1.022282 0.999448 0.999448 0.999448 
1.010865 1.002873 0.985747 0.976613 1.007440 0.999448 0.999448 
1.012007 1.000589 1.008581 1.006298 1.007440 0.999448 0.999448 
0.994881 0.999448 0.999448 0.999448 0.999448 0.999448 0.999448 
0.999448 1.004014 0.975471 0.999448 0.970904 1.000589 0.999448 
0.999448 1.001731 0.989172 1.019999 0.989172 0.999448 1.000589 
0.999448 1.001731 0.988030 0.970904 0.999448 0.999448 1.000589 
1.001731 1.001731 1.000589 0.998306 0.999448 1.013148 1.013148 
1.006298 0.988030 0.992597 0.973187 0.999448 0.999448 1.000589 
0.983463 1.007440 1.000589 0.985747 0.981180 0.999448 0.999448 
1.000589 0.975471 0.999448 0.998306 0.994881 0.999448 0.999448 
0.985747 1.023424 0.999448 0.972046 0.988030 0.999448 0.999448 
0.999448 0.997164 0.999448 0.993739 0.978896 0.999448 0.998306 
0.999448 1.001731 0.999448 0.985747 0.999448 0.999448 1.000589 
0.999448 0.999448 0.999448 0.999448 0.999448 0.999448 0.999448 
0.999448 0.993739 0.999448 0.999448 1.013148 0.999448 0.999448 
1.002873 0.999448 0.999448 0.984605 0.999448 0.999448 0.996022 
1.005156 1.015432 0.999448 0.999448 0.999448 0.999448 0.999448 
0.999448 1.021141 0.999448 0.999448 0.999448 0.999448 0.998306 
0.999448 0.999448 0.999448 0.999448 0.969762 1.001731 1.001731 
0.999448 0.974329 0.980038 0.978896 0.977754 0.978896 0.974329 
0.999448 0.962912 0.973187 0.967479 0.968620 1.009723 1.009723 
0.999448 0.964054 0.953778 0.984605 1.019999 0.989172 0.983463 
0.999448 0.946927 0.942360 0.999448 0.999448 0.988030 0.988030 
0.999448 0.999448 0.999448 0.969762 0.999448 1.021141 1.018857 
0.950353 0.993739 1.030275 0.964054 0.990314 1.018857 1.018857 
0.952636 0.999448 0.999448 1.023424 0.982321 1.004014 0.999448 
0.999448 0.996022 1.013148 1.018857 1.013148 0.991455 0.991455 
0.999448 0.941219 1.021141 0.999448 0.975471 0.999448 0.997164 
0.999448 0.999448 1.016574 0.967479 0.972046 1.006298 1.006298 
0.999448 0.945786 0.999448 0.999448 0.954920 1.010865 1.009723 
0.999448 0.999448 0.999448 0.999448 1.010865 0.999448 0.999448 
0.999448 0.973187 0.999448 1.014290 0.968620 0.997164 0.990314 
0.999448 0.974329 0.980038 1.021141 0.999448 0.994881 0.994881 
0.999448 0.959487 0.991455 1.018857 1.002873 0.999448 1.016574 
0.999448 0.999448 0.999448 0.999448 0.999448 0.999448 0.999448 
0.999448 0.999448 0.999448 0.999448 0.999448 0.999448 0.991455 
0.999448 0.999448 0.999448 0.999448 0.999448 0.999448 0.999448 
0.999448 0.999448 0.999448 0.999448 0.999448 0.999448 0.993739 
0.999448 0.999448 0.999448 0.999448 0.999448 0.999448 0.999448 
0.999448 0.999448 0.999448 0.999448 0.999448 0.999448 0.993739 
0.999448 0.999448 0.999448 0.999448 0.999448 0.999448 0.999448 
0.999448 0.999448 0.999448 0.999448 0.999448 0.999448 0.992597 
0.999448 0.999448 0.999448 0.999448 0.999448 0.999448 0.999448 
0.999448 0.970904 0.999448 0.999448 0.999448 0.999448 0.992597 
0.999448 0.999448 0.999448 0.999448 0.999448 0.999448 0.999448 
0.999448 0.999448 0.999448 0.999448 0.999448 0.999448 0.990314 
0.999448 0.999448 0.999448 0.999448 0.999448 0.999448 0.999448 
0.999448 0.999448 0.999448 0.999448 0.999448 0.999448 0.996022 
0.999448 0.999448 0.999448 0.999448 0.999448 0.999448 0.999448 
0.999448 0.999448 0.999448 0.999448 0.999448 0.999448 0.996022 
1.006298 0.999448 0.999448 0.999448 0.999448 0.999448 0.999448 
0.991455 0.981180 0.999448 0.999448 0.999448 0.965195 0.961770 
0.980038 0.988030 0.965195 1.017715 0.988030 0.999448 1.000589 
0.999448 0.989172 1.014290 0.988030 0.999448 0.999448 0.998306 
1.009723 0.992597 0.989172 0.982321 0.999448 1.008581 1.008581 
0.999448 0.976613 0.992597 1.005156 1.004014 0.999448 0.999448 
0.997164 1.010865 0.983463 1.001731 1.014290 0.999448 0.999448 
0.999448 0.981180 0.978896 0.997164 1.005156 1.010865 1.008581 
1.001731 0.997164 0.998306 0.992597 0.970904 0.999448 0.999448 
1.002873 0.983463 0.999448 1.005156 0.993739 0.999448 0.997164 
0.999448 0.999448 1.022282 1.000589 0.972046 0.999448 1.000589 
1.001731 0.999448 0.981180 1.058818 0.999448 0.999448 0.999448 
0.999448 0.989172 0.999448 0.999448 1.012007 0.999448 0.999448 
1.001731 0.999448 0.998306 0.999448 0.999448 1.027991 1.022282 
0.999448 0.980038 0.999448 0.999448 0.999448 0.999448 0.999448 
0.999448 0.993739 0.999448 0.999448 0.999448 0.999448 0.997164 
1.046259 1.041692 0.997164 0.975471 1.012007 1.027991 1.027991 
0.992597 1.042834 0.999448 1.062243 1.030275 0.972046 0.969762 
0.989172 1.029133 0.983463 1.043975 0.992597 0.999448 0.999448 
1.050826 1.041692 0.984605 1.042834 0.997164 0.999448 0.996022 
1.054251 1.038267 0.991455 0.991455 1.033700 0.999448 0.999448 
1.050826 0.999448 0.996022 0.993739 1.019999 0.999448 0.996022 
0.989172 0.998306 1.006298 0.992597 0.980038 0.999448 0.999448 
0.999448 1.047401 1.006298 1.001731 1.012007 0.999448 0.996022 
1.006298 1.015432 1.006298 0.985747 1.012007 1.027991 1.027991 
0.992597 0.993739 1.022282 1.004014 0.978896 1.018857 1.013148 
0.989172 1.029133 0.990314 1.002873 0.998306 0.998306 0.998306 
1.050826 0.991455 1.037125 0.998306 1.017715 1.046259 1.040550 
0.999448 1.038267 1.025708 1.010865 1.023424 0.999448 0.999448 
1.046259 1.042834 0.970904 1.007440 0.975471 0.999448 0.997164 
1.051968 1.041692 0.980038 1.040550 1.031416 0.999448 0.999448 
0.999448 1.037125 1.040550 1.032558 0.996022 1.016574 1.013148 
1.015432 1.049684 1.008581 0.989172 1.004014 0.992597 0.992597 
1.013148 1.001731 1.012007 0.989172 1.009723 0.990314 0.986888 
1.013148 1.000589 1.005156 0.989172 0.997164 1.006298 1.006298 
1.006298 0.986888 1.001731 0.989172 1.010865 0.999448 0.994881 
1.014290 1.002873 1.009723 1.005156 0.999448 0.999448 0.999448 
1.006298 1.015432 1.007440 1.004014 0.992597 1.014290 0.980038 
1.012007 1.015432 1.008581 0.993739 1.015432 0.984605 0.984605 
1.013148 1.006298 1.008581 1.007440 0.982321 0.968620 1.117047 
1.015432 1.007440 1.006298 0.998306 0.994881 0.981180 0.981180 
1.013148 1.005156 1.001731 1.001731 1.017715 0.999448 0.998306 
1.013148 1.005156 1.007440 1.002873 1.016574 0.999448 0.999448 
1.006298 1.006298 1.008581 1.005156 0.999448 0.999448 0.998306 
1.014290 1.001731 1.008581 1.013148 0.985747 0.989172 0.989172 
1.014290 1.004014 0.983463 1.016574 0.999448 0.997164 0.993739 
1.012007 1.007440 0.988030 1.016574 0.988030 0.999448 0.999448 
1.013148 1.005156 1.017715 1.008581 1.012007 1.019999 1.015432 
1.001731 0.967479 0.994881 0.976613 0.993739 0.994881 0.994881 
0.999448 0.989172 0.993739 1.018857 0.994881 0.999448 0.999448 
0.954920 0.990314 0.993739 1.014290 1.014290 0.999448 1.000589 
0.999448 0.968620 0.997164 1.022282 1.002873 0.999448 1.000589 
0.997164 0.980038 0.974329 0.965195 1.012007 0.997164 0.997164 
1.018857 0.983463 0.985747 1.017715 0.986888 1.026849 1.024566 
0.969762 0.962912 0.976613 1.002873 1.007440 1.001731 1.001731 
0.965195 1.016574 0.967479 0.988030 0.976613 1.007440 1.004014 
0.961770 0.999448 1.002873 1.000589 1.013148 1.009723 1.009723 
1.015432 0.972046 0.999448 1.007440 0.980038 1.002873 1.001731 
1.001731 0.965195 0.973187 0.992597 0.983463 1.012007 1.012007 
1.016574 0.999448 0.982321 1.022282 0.994881 0.999448 0.998306 
1.015432 0.977754 0.998306 0.992597 1.025708 0.999448 0.999448 
1.014290 0.999448 0.988030 0.989172 1.008581 0.961770 0.999448 
0.969762 0.975471 0.997164 1.000589 0.988030 0.999448 0.999448 
0.965195 0.983463 0.997164 0.969762 0.997164 0.999448 0.999448 
0.997164 0.999448 1.005156 0.998306 1.004014 1.008581 1.008581 
1.008581 0.992597 0.997164 1.001731 1.008581 0.999448 0.997164 
1.000589 0.989172 0.990314 0.993739 1.000589 0.999448 0.999448 
1.001731 0.980038 0.991455 0.984605 1.002873 0.970904 0.968620 
1.001731 0.991455 1.001731 1.015432 0.988030 0.999448 0.999448 
0.999448 0.984605 0.992597 1.021141 1.004014 0.999448 0.996022 
1.000589 0.993739 1.006298 0.992597 1.000589 0.999448 0.999448 
1.010865 0.994881 0.991455 1.001731 0.999448 1.017715 1.013148 
0.997164 1.002873 1.008581 0.999448 0.999448 0.999448 0.999448 
1.008581 0.998306 1.021141 0.999448 0.996022 0.993739 0.999448 
1.000589 1.008581 1.009723 1.016574 0.999448 0.999448 0.999448 
1.001731 1.004014 0.998306 0.996022 1.006298 0.999448 0.993739 
1.001731 1.010865 0.992597 0.984605 1.007440 0.999448 0.999448 
0.999448 1.012007 0.996022 0.985747 0.988030 0.999448 0.998306 
1.000589 1.009723 0.989172 0.984605 1.002873 0.999448 0.999448 
0.989172 1.001731 0.984605 0.982321 1.008581 0.999448 0.996022 
0.999448 0.999448 0.999448 0.999448 0.999448 0.999448 0.999448 
0.999448 0.999448 0.999448 0.999448 0.999448 0.999448 0.991455 
0.999448 0.999448 0.999448 0.999448 0.974329 0.999448 0.999448 
0.999448 0.999448 0.999448 0.999448 0.999448 0.999448 0.990314 
0.999448 0.999448 0.999448 0.999448 0.999448 0.999448 0.999448 
0.999448 0.999448 1.000589 0.999448 0.999448 0.999448 0.998306 
0.999448 0.999448 0.992597 0.999448 0.999448 0.999448 0.999448 
0.999448 0.999448 0.983463 0.999448 0.999448 0.999448 0.993739 
0.999448 0.999448 0.999448 0.999448 0.999448 0.999448 0.999448 
0.999448 1.014290 0.999448 0.999448 0.999448 0.999448 0.993739 
0.999448 0.999448 0.999448 0.985747 0.981180 0.999448 0.999448 
0.999448 0.999448 0.999448 0.999448 0.999448 0.999448 0.997164 
0.999448 0.999448 0.999448 0.999448 0.999448 0.999448 0.999448 
0.999448 0.999448 0.999448 0.999448 0.999448 0.999448 0.990314 
0.999448 0.999448 0.999448 0.999448 0.999448 0.999448 0.999448 
0.999448 0.999448 0.999448 0.999448 0.999448 0.999448 0.993739 
0.999448 0.999448 0.994881 1.007440 1.006298 0.999448 0.999448 
0.999448 0.976613 0.994881 1.021141 1.005156 1.035983 1.032558 
1.005156 0.999448 0.991455 1.016574 1.004014 1.021141 1.021141 
1.006298 0.999448 1.006298 0.990314 0.989172 0.969762 0.999448 
0.999448 0.965195 0.992597 0.999448 0.999448 1.006298 1.006298 
0.999448 1.021141 1.017715 1.002873 0.999448 0.988030 0.999448 
1.010865 0.999448 0.999448 0.999448 0.986888 0.999448 0.999448 
0.997164 0.990314 1.014290 1.001731 0.999448 1.035983 1.032558 
0.999448 0.999448 0.996022 1.015432 1.002873 1.018857 1.018857 
0.999448 0.999448 0.982321 1.019999 1.007440 1.010865 1.007440 
1.005156 1.001731 0.989172 0.992597 1.001731 1.002873 1.002873 
0.999448 1.012007 1.012007 1.016574 0.999448 0.999448 0.996022 
1.009723 1.006298 1.009723 0.997164 1.013148 0.977754 0.977754 
0.999448 0.980038 1.007440 0.996022 1.015432 0.999448 0.999448 
1.010865 1.012007 1.005156 0.989172 1.006298 0.999448 0.999448 
0.996022 0.989172 0.998306 0.997164 1.013148 0.999448 0.999448 
0.999448 0.999448 1.001731 0.970904 0.989172 0.969762 0.969762 
0.999448 0.999448 1.004014 0.969762 0.986888 0.999448 0.996022 
0.999448 0.999448 0.992597 1.014290 0.984605 0.999448 0.999448 
0.999448 0.999448 0.999448 0.999448 0.999448 0.999448 0.996022 
0.999448 0.999448 0.999448 0.999448 0.999448 0.999448 0.999448 
0.999448 0.999448 0.999448 0.999448 0.999448 0.999448 0.991455 
0.999448 0.999448 0.999448 0.999448 0.999448 0.999448 0.999448 
0.999448 0.999448 0.999448 0.999448 0.999448 0.999448 0.994881 
0.999448 0.999448 0.999448 0.999448 0.999448 1.001731 1.001731 
0.999448 0.999448 0.999448 0.999448 0.999448 1.006298 0.997164 
0.999448 0.999448 0.999448 0.999448 0.999448 0.999448 0.999448 
0.999448 0.999448 0.999448 0.999448 0.999448 0.999448 0.989172 
0.999448 0.999448 0.999448 0.999448 0.999448 0.999448 0.999448 
0.999448 0.999448 0.999448 0.999448 0.999448 0.999448 0.998306 
0.999448 0.999448 0.972046 0.999448 0.975471 1.010865 1.010865 
0.999448 0.999448 0.999448 0.999448 0.999448 0.999448 0.994881 
0.999448 0.999448 0.999448 0.999448 0.999448 0.981180 0.981180 
0.999448 0.999448 0.999448 0.999448 0.999448 1.005156 0.996022 
0.999448 0.999448 0.999448 0.999448 0.999448 0.999448 0.999448 
0.999448 0.999448 0.999448 0.999448 0.999448 0.999448 0.989172 
0.999448 0.999448 0.999448 0.999448 0.999448 0.999448 0.999448 
0.999448 0.999448 0.973187 0.999448 0.999448 0.999448 0.999448 
0.999448 0.999448 1.000589 0.999448 0.999448 0.999448 0.999448 
0.999448 0.960628 0.999448 0.999448 0.999448 1.018857 0.999448 
0.999448 0.999448 0.999448 0.999448 0.999448 0.999448 0.999448 
0.999448 0.998306 0.999448 1.010865 0.999448 0.999448 0.997164 
0.999448 0.999448 0.999448 0.999448 0.999448 0.999448 0.999448 
0.999448 0.999448 0.999448 1.008581 0.999448 0.999448 0.999448 
0.999448 0.999448 0.999448 0.968620 0.999448 0.999448 0.999448 
0.999448 0.999448 0.999448 0.980038 0.999448 0.999448 0.993739 
0.999448 0.999448 0.985747 0.999448 0.999448 0.999448 1.000589 
0.999448 0.999448 0.999448 0.999448 0.999448 0.999448 0.997164 
1.002873 0.999448 0.994881 0.999448 1.022282 1.017715 1.017715 
1.004014 0.997164 0.989172 0.990314 0.983463 0.944644 0.941219 
1.007440 0.985747 0.993739 1.014290 0.985747 0.989172 0.989172 
1.001731 0.994881 0.999448 0.999448 0.999448 0.999448 0.997164 
1.005156 0.999448 1.001731 0.994881 0.999448 0.999448 0.999448 
1.006298 0.992597 1.007440 1.010865 1.010865 0.999448 0.997164 
1.004014 1.005156 1.019999 1.018857 1.037125 0.959487 0.956061 
1.007440 0.997164 1.023424 1.029133 1.008581 0.988030 0.988030 
1.001731 0.999448 1.025708 1.023424 1.039408 0.942360 0.940077 
1.005156 1.009723 1.019999 1.026849 1.027991 0.999448 0.999448 
1.006298 0.996022 1.016574 1.021141 1.019999 0.999448 0.998306 
