64 64 0.920581 1.091167
1.039858 1.019201 1.015203 0.974555 0.969225 0.956564 0.997211 0.971890 0.989882 0.983218 0.996545 1.002542 1.003875 1.034527 1.007207 0.998544 1.007873 0.970557 0.982552 0.986550 1.008539 1.011205 0.991214 0.985883 0.993880 0.991881 1.019867 0.987882 0.979886 1.007873 0.973223 0.984551 0.992547 1.013204 0.947901 0.994546 0.999210 0.999210 0.997211 1.029863 1.007207 1.011871 0.980553 0.993213 1.000543 1.000543 0.986550 0.988549 1.002542 1.003875 1.001209 0.995212 1.018535 1.029863 0.999877 0.991881 0.969891 1.009872 0.982552 0.999877 0.991881 0.999210 0.999877 1.001876 
1.036526 0.973223 0.964560 1.021200 0.963228 0.953899 0.993213 0.969891 0.991214 0.984551 0.999877 1.007207 1.007207 1.037859 1.010538 1.001209 1.007873 0.969225 0.989882 0.992547 1.009872 0.971890 0.987216 0.980553 0.989215 0.986550 1.015203 0.986550 0.981885 1.011871 0.979220 0.989882 0.998544 0.980553 1.015869 0.992547 0.995879 0.995879 0.994546 1.025864 1.003875 1.009872 0.981219 0.994546 0.999877 0.998544 0.985883 0.988549 1.003875 1.005874 1.004541 0.998544 1.019867 1.026531 0.962561 0.982552 0.967892 1.005208 0.979220 0.997211 0.990548 0.999210 0.999210 1.000543 
0.997878 1.017202 1.014536 0.943903 0.968558 0.957897 1.000543 0.977887 0.999877 0.991214 1.003875 1.009872 1.010538 1.040524 1.011871 0.999877 1.009872 0.971890 0.995212 1.001209 0.982552 0.979220 0.991881 0.982552 0.988549 0.985883 1.014536 0.987216 0.985217 0.964560 0.983218 0.993880 1.001209 0.979886 1.015203 0.991881 0.994546 0.995212 0.993880 1.024532 1.001209 1.039192 0.978554 0.937906 0.992547 0.989882 0.977887 0.983218 1.000543 1.005874 1.007873 1.003209 1.021866 1.026531 0.960562 0.979886 0.960562 0.999877 0.976555 0.996545 0.992547 1.000543 0.999877 1.000543 
0.999877 1.021200 1.023865 0.957897 0.981219 0.967892 1.013870 0.992547 1.012537 0.999877 1.007873 1.010538 1.010538 1.003209 1.014536 1.001209 1.010538 0.974555 0.998544 1.007873 0.993880 0.989215 0.999877 0.989215 0.993880 0.990548 1.018535 0.990548 0.987882 1.017868 0.982552 0.991881 0.997878 0.977221 0.978554 0.992547 0.996545 0.997211 0.996545 1.025198 0.999877 1.001876 0.971890 0.980553 0.983218 0.980553 0.969225 0.977221 0.997878 1.004541 1.008539 1.005208 1.026531 1.032528 0.965227 0.983884 0.963228 1.003875 0.981885 1.002542 0.997211 1.003875 1.000543 0.999877 
1.001209 1.025864 1.033194 0.968558 0.992547 0.977221 1.025198 1.005208 1.023865 1.007207 1.011205 1.009872 1.009872 0.999877 1.015869 1.003875 1.012537 0.973889 0.999877 1.011205 0.999210 0.996545 1.006540 0.997878 1.002542 0.997878 0.981885 0.993213 0.986550 1.013204 0.977221 0.986550 0.993880 1.013204 0.979886 0.995879 0.999877 1.000543 0.999210 1.028530 0.998544 0.998544 1.019201 0.974555 0.977887 0.975888 0.965227 1.011205 0.995879 1.004541 1.009206 1.007207 1.030529 0.993213 0.974555 0.994546 0.973223 1.015869 0.991881 1.011205 1.003209 1.007873 1.003875 1.001876 
0.985883 0.988549 1.039192 0.977221 1.004541 0.989882 0.981219 1.013204 0.997211 1.015869 1.017202 1.013204 1.009872 0.997211 1.012537 1.000543 1.008539 0.977221 0.998544 1.010538 1.001209 1.003209 1.017202 1.010538 1.013870 1.005874 1.028530 0.993213 0.982552 1.007207 0.975222 0.983884 0.995212 0.980553 0.986550 1.003209 1.005874 1.004541 1.001876 0.987882 1.001876 0.999210 1.019201 0.972556 0.979886 0.977887 0.969891 1.017202 1.001209 1.009206 1.012537 1.012537 0.979220 1.003875 0.987882 1.006540 0.985883 1.026531 1.003209 1.021866 1.009872 1.013204 1.010538 0.987882 
0.991881 0.994546 1.046521 1.017202 1.013870 0.999877 0.993880 1.025198 0.973223 0.991881 0.993213 1.020534 0.992547 0.996545 1.009206 0.998544 1.011205 0.983218 1.003209 1.016536 0.973223 0.983218 1.001209 1.026531 1.025864 1.009206 0.988549 0.991881 1.011205 1.006540 0.977221 0.991214 1.005208 0.993213 0.998544 1.014536 0.983884 0.992547 1.004541 0.975888 1.005208 1.004541 0.973223 0.989215 0.990548 0.990548 1.019201 0.992547 0.982552 0.985883 1.019201 0.997878 1.004541 1.013870 0.999877 1.020534 1.004541 1.042523 1.017868 0.995879 1.019201 1.001209 0.998544 0.996545 
0.995879 0.999210 0.966559 0.999877 1.035193 1.025198 1.019867 1.011871 0.991214 1.005874 1.002542 1.006540 0.996545 1.000543 0.972556 1.009206 1.029196 1.006540 1.029863 1.006540 0.967892 1.007873 1.022533 1.008539 1.014536 1.015203 0.992547 0.995879 0.987882 1.021866 0.999877 1.017868 0.961228 1.021200 0.989882 1.001209 0.998544 0.992547 0.995879 0.999877 1.012537 1.013870 0.989215 1.012537 1.020534 1.023199 1.013204 0.987216 0.999877 0.995879 0.993213 1.002542 0.993213 1.023199 1.011871 1.036526 1.027864 1.015869 1.008539 0.987216 1.005208 1.002542 1.007873 1.003209 
0.999877 1.005874 0.979220 0.958563 0.943903 0.947901 0.997211 0.989882 1.031195 1.033194 1.019867 1.004541 1.003209 0.990548 0.985217 0.969225 1.017202 1.000543 1.038525 1.029863 1.018535 0.993880 0.995212 0.973223 1.013204 1.006540 1.001876 0.968558 1.012537 1.005208 1.049853 0.949900 1.017202 1.001209 1.031195 0.978554 1.021200 1.019201 0.993880 1.007873 0.982552 0.968558 0.989882 1.002542 0.952566 1.009206 0.999210 1.033194 0.975888 1.012537 1.013204 1.006540 0.997878 0.990548 0.964560 0.984551 0.973889 0.994546 0.991881 1.035193 0.987882 1.028530 1.011205 1.009872 
1.008539 0.998544 0.997878 0.992547 0.975222 1.015203 1.001876 0.987882 0.943903 1.029863 0.998544 1.021200 0.999877 0.973223 1.003209 0.979886 0.995879 1.002542 1.049853 0.965227 1.016536 0.957897 1.040524 0.998544 0.973223 0.989882 1.016536 0.991881 0.981219 0.961228 0.985217 1.027864 0.949900 0.996545 1.037859 1.027864 1.000543 0.973889 1.017868 0.999877 0.979220 0.993880 0.969891 0.988549 1.028530 0.945902 1.002542 0.949234 1.028530 0.991214 1.015203 1.011871 0.991214 0.987882 0.993880 0.967892 1.004541 0.966559 0.987882 0.952566 0.949234 1.017868 0.983218 1.009872 
1.025198 1.013870 0.962561 1.034527 0.955898 0.991214 1.012537 0.999877 1.031862 1.006540 1.056517 0.997211 1.015869 0.983218 1.020534 1.011871 1.031195 0.972556 0.983884 0.975888 1.025864 0.940572 1.002542 1.040524 0.996545 1.005208 0.989215 1.017868 1.023199 1.018535 0.957897 0.965893 0.961895 1.005208 1.019201 1.046521 1.054518 1.003875 1.003209 1.009206 0.993880 1.023199 1.020534 0.959229 0.966559 0.959896 1.018535 1.036526 1.001209 1.045189 0.990548 0.998544 0.985883 1.005208 1.031195 1.025198 0.976555 0.999877 0.995879 1.039192 1.029863 0.983218 1.027864 0.983884 
1.014536 1.002542 0.982552 0.985883 1.005874 1.010538 1.007873 0.999877 1.017202 0.990548 0.985217 0.987216 0.982552 0.993880 0.986550 0.970557 0.981885 1.019867 1.030529 0.961228 1.017202 1.014536 0.977221 1.039192 1.027197 0.983884 1.000543 0.989882 0.971224 0.980553 0.969225 1.031195 1.033861 1.001209 1.001876 0.974555 0.978554 0.989882 0.982552 0.988549 0.977221 0.980553 0.977887 1.012537 1.031862 1.032528 1.013204 1.019867 0.982552 1.051852 0.976555 1.017868 0.998544 0.993880 0.977887 0.986550 0.985883 0.983218 0.981885 1.015869 1.011205 0.960562 1.031195 1.016536 
1.025864 1.010538 0.992547 0.999877 1.026531 1.027197 0.962561 1.043856 1.070510 1.041857 0.965893 1.017202 0.997211 1.000543 0.990548 0.975888 0.991881 0.977887 0.987882 0.992547 1.043856 1.061847 1.021866 0.991881 0.995212 0.992547 1.004541 0.995879 0.982552 0.999210 0.983218 0.985883 0.990548 1.046521 1.051186 1.021200 0.955231 1.014536 0.995212 0.993880 0.981885 0.973889 0.992547 0.979220 1.049853 0.986550 1.059182 1.071843 1.031195 1.011205 1.006540 0.995212 1.007873 1.002542 0.988549 1.004541 0.998544 1.010538 1.013870 1.056517 1.059182 1.005874 0.983884 0.987882 
1.025864 1.009872 0.992547 0.999210 0.971224 1.032528 0.973889 1.058516 1.090501 1.063180 1.047188 1.030529 0.953232 1.003875 0.992547 0.975888 0.990548 0.977221 1.059182 1.003209 1.057183 1.079173 1.040524 1.005874 1.002542 1.032528 1.003875 0.994546 0.982552 1.001876 0.985883 1.059182 1.001876 1.063180 1.069177 1.039858 1.033861 1.027197 0.949900 0.996545 0.979886 0.971224 1.007873 0.979220 1.055184 0.995879 1.058516 1.091167 1.050520 0.965893 1.017202 1.001209 1.024532 1.000543 0.986550 1.001876 0.999210 0.935907 1.021200 1.068511 1.074508 1.019867 0.934574 0.992547 
1.017202 1.001209 0.980553 0.983218 1.026531 1.025864 0.959896 1.047188 1.077840 1.051186 1.037859 1.024532 0.949900 1.001209 0.987882 0.967226 0.974555 0.959229 1.041857 0.989882 1.063180 1.069177 1.029863 0.997211 0.999877 1.032528 1.002542 0.989215 0.970557 0.983884 0.966559 1.039192 0.985217 1.047854 1.054518 1.027197 1.024532 1.021866 1.035193 0.991881 0.972556 0.970557 0.983884 1.008539 1.032528 0.980553 1.058516 1.074508 1.036526 1.016536 1.009206 1.035860 1.003209 0.989882 0.969225 0.998544 0.979220 0.921247 1.009872 1.055184 1.059182 1.005874 0.980553 0.979220 
1.000543 1.047854 1.033861 1.025198 0.979886 0.966559 1.063180 1.004541 1.049853 1.024532 1.000543 1.000543 1.029196 0.995212 0.975888 1.021200 1.013204 0.990548 1.001876 0.955231 1.024532 1.045855 1.056517 0.922580 0.984551 1.025864 0.998544 0.978554 1.023865 0.962561 0.991881 0.988549 0.939905 0.999877 1.022533 1.047188 0.987882 0.996545 1.021866 0.982552 1.023199 1.006540 0.999877 0.971224 0.975888 0.932575 1.009206 1.041191 1.056517 0.981885 0.985217 1.022533 0.994546 0.973889 1.019867 0.955231 1.007873 1.025864 0.973889 1.029863 1.031195 1.028530 1.029863 0.955898 
1.009872 1.025198 0.998544 0.967892 0.963894 0.955898 0.975888 0.971224 1.011871 0.991881 1.017202 0.960562 1.007207 1.009872 1.015869 0.979220 0.948568 1.023865 0.991881 0.999210 0.988549 1.010538 0.981885 0.991881 0.952566 1.011205 1.019201 1.020534 0.983218 0.957897 1.021200 0.973889 0.978554 0.958563 0.981219 0.966559 1.003875 0.954565 1.001209 1.003875 0.977221 0.977221 1.013870 1.000543 0.955231 0.963228 0.965893 0.999877 0.979886 1.005874 0.953232 1.007207 1.014536 1.015869 0.972556 0.949900 1.035860 1.013204 1.019201 0.995879 0.999877 0.958563 0.976555 1.023199 
0.996545 0.979886 0.974555 1.026531 1.001209 0.986550 0.961228 0.959229 1.001876 0.989882 0.953899 1.017202 0.983218 0.994546 1.022533 1.019201 0.993213 0.947235 1.008539 0.989215 0.971224 0.999877 0.986550 1.040524 1.019867 1.023199 1.005874 1.004541 1.023199 1.006540 0.947235 0.994546 0.972556 0.944570 0.973889 0.970557 0.949234 1.019867 1.016536 0.998544 0.973223 0.966559 1.014536 0.947235 0.986550 0.968558 0.954565 0.993213 0.985883 0.954565 1.023199 1.023865 1.005874 1.002542 1.012537 0.967226 0.963228 1.038525 1.023865 0.987216 0.999877 0.973889 1.034527 0.999877 
0.992547 0.971890 1.031862 1.003209 1.016536 1.030529 0.999877 0.977887 1.027864 1.026531 1.005874 1.008539 0.997211 0.984551 1.012537 1.005208 1.018535 0.992547 0.978554 1.011871 0.981885 1.021200 1.025864 1.000543 0.995212 1.008539 1.011205 1.019201 1.006540 0.979220 1.001876 0.975222 1.005874 0.967892 1.005874 1.013870 1.007873 0.996545 1.005874 0.993880 0.985217 1.033861 1.004541 1.021200 0.984551 1.007207 0.979220 1.022533 1.027197 1.013204 0.999210 1.011205 0.996545 1.017868 0.998544 1.021866 1.012537 0.970557 1.020534 1.007207 1.029863 1.023865 1.005208 1.008539 
0.991214 1.025198 1.024532 0.989882 0.995879 0.999210 1.004541 1.005208 0.983218 0.993213 1.004541 0.995879 0.989215 0.980553 1.010538 1.003209 1.013870 0.975888 0.991881 1.006540 1.003209 0.973889 0.988549 0.995879 1.001209 0.998544 0.989882 1.013870 1.002542 0.972556 0.986550 0.998544 1.015203 1.004541 0.971224 0.986550 0.989215 1.024532 1.000543 0.990548 1.024532 1.028530 0.997878 1.008539 1.015203 0.975222 1.013204 0.981219 0.993880 0.990548 0.984551 1.019867 0.988549 1.008539 0.987216 1.006540 0.987216 0.980553 1.005874 0.958563 0.985217 0.991214 0.987216 1.001209 
0.987216 1.021866 1.017868 0.980553 0.984551 0.983218 0.983884 1.019201 1.003875 1.019201 1.015869 1.010538 1.005208 0.979220 1.011871 1.005208 1.014536 0.973223 0.983884 0.992547 0.985883 0.993213 1.009872 1.000543 1.010538 0.991214 0.982552 1.009206 0.933908 0.975222 0.988549 0.993880 1.003875 0.991881 0.999877 1.017868 1.020534 1.018535 0.996545 0.987216 1.018535 1.022533 0.990548 1.000543 1.004541 1.007873 0.996545 1.001209 1.017202 1.017868 0.997878 0.995879 0.984551 1.003875 0.982552 0.999210 0.977221 1.020534 0.995879 1.013204 1.003875 1.011871 1.013870 0.994546 
1.042523 1.019201 1.015203 1.029196 0.975888 0.973889 0.973889 1.009872 0.993880 1.013870 1.013870 1.007873 0.982552 0.973223 1.007207 1.003209 1.016536 0.977887 0.991881 1.001209 0.989882 0.991214 1.004541 0.993880 1.001876 0.982552 1.029863 1.001876 0.999210 0.975222 0.989215 0.995879 0.999877 0.985883 0.992547 1.011871 1.015203 1.012537 1.008539 0.981219 1.013870 1.017868 0.986550 0.995879 0.999210 1.001209 0.990548 0.993880 1.009206 1.011205 1.012537 1.011205 0.981219 1.001209 0.981219 0.994546 0.969891 1.009206 0.985883 1.004541 0.995879 1.003875 1.005874 1.008539 
1.039192 1.015869 1.012537 0.975222 0.973889 0.970557 0.970557 1.006540 1.027197 1.010538 1.011205 1.003209 0.992547 1.021200 0.999877 0.999210 1.013870 0.977221 1.003875 1.015203 1.000543 0.994546 1.002542 0.988549 0.995879 0.993213 1.019867 0.989882 1.019201 1.020534 0.983884 0.989882 0.995212 1.015203 1.022533 1.005208 1.008539 1.005874 1.001876 1.032528 1.007873 1.013204 0.981885 0.992547 0.995879 1.049187 0.983218 0.986550 1.002542 1.007207 1.008539 1.007873 0.993213 1.000543 0.979886 0.991881 0.962561 0.999877 0.978554 0.965893 0.995879 1.004541 1.005874 1.006540 
1.037192 1.013870 1.010538 1.025864 0.970557 0.967226 0.967892 1.001876 1.021866 1.003875 1.003209 0.995879 0.985883 1.014536 0.994546 0.993880 1.011871 0.977887 1.007207 1.018535 0.999877 0.992547 0.999877 0.986550 0.992547 0.988549 1.012537 0.979886 0.976555 1.007207 0.973223 0.979886 0.986550 0.971890 1.016536 0.999877 1.004541 1.003209 0.999210 1.029196 1.003875 1.005874 0.975222 0.985883 0.987216 0.985217 0.975222 1.016536 0.997878 1.001876 1.003209 1.002542 1.032528 1.000543 0.981885 0.994546 0.959229 0.995212 0.975888 1.001876 0.997211 1.006540 1.005874 1.003875 
0.994546 1.011871 1.009206 0.973223 0.971890 0.965893 1.015869 0.993213 0.974555 0.993880 0.992547 0.985883 0.977221 1.007873 0.987216 0.986550 1.005208 0.971224 0.997211 1.007873 0.991214 0.985217 0.994546 0.988549 0.994546 0.989882 1.011871 0.952566 0.998544 0.995212 0.961895 0.970557 0.978554 1.003209 0.975222 0.996545 1.003209 1.003875 1.001209 1.030529 1.002542 0.999877 0.967892 0.975888 0.977887 0.976555 0.963894 0.971224 0.992547 0.997211 0.997878 0.997878 1.029196 1.001209 0.987216 1.001209 0.963894 0.997211 0.976555 1.002542 0.998544 1.007207 1.004541 1.001209 
0.995212 1.011871 1.010538 0.975222 0.974555 0.966559 1.012537 0.988549 0.970557 0.989882 0.989215 0.982552 0.975222 1.004541 0.982552 0.980553 0.997211 0.964560 0.988549 0.995212 0.981885 0.981219 0.994546 0.993880 1.000543 0.997211 1.018535 0.979886 0.968558 0.993213 0.959229 0.968558 0.977887 1.003209 1.012537 0.997878 1.005874 1.007873 1.005874 0.993880 1.009872 1.003875 1.021866 0.973223 0.973889 0.970557 0.995212 1.005208 0.992547 0.999210 1.000543 0.999877 0.989215 1.005208 0.993213 1.007873 0.971890 1.004541 0.981885 1.005874 1.001209 1.009872 1.007207 1.002542 
0.991214 1.013204 1.013204 1.033194 0.979886 0.969891 1.014536 0.989882 1.009206 0.993213 0.995212 0.989215 0.980553 1.008539 0.981885 0.978554 0.993213 0.965893 0.982552 0.991214 0.981219 0.983884 1.000543 1.001876 1.009872 1.007873 0.987216 0.991214 1.009872 0.999877 0.969891 0.976555 0.985217 0.972556 0.981219 1.003875 1.011205 1.012537 1.011205 1.000543 1.017868 1.013204 0.974555 0.978554 0.977887 0.973889 1.000543 1.011871 0.999210 1.007207 1.008539 1.007207 0.995212 1.009872 0.998544 1.015203 0.979886 1.011205 0.985883 1.007207 1.003209 1.012537 1.010538 1.005208 
0.994546 1.015203 1.017202 0.985883 0.986550 0.979886 1.025864 1.001876 1.020534 1.003875 1.007207 0.981885 0.973889 0.977887 0.989215 0.979886 0.995212 0.969225 0.987216 0.997211 0.988549 0.993880 1.011871 1.011871 1.017868 1.015869 0.997211 1.003209 0.991214 1.015203 0.985883 0.993213 1.000543 0.986550 0.991881 0.979886 1.019867 1.019201 0.995212 0.987216 0.980553 1.020534 0.982552 0.987882 0.989215 0.989882 1.016536 0.989215 1.011871 1.017868 0.997211 1.014536 0.999210 0.969225 1.000543 1.018535 0.991214 1.016536 0.989215 1.010538 1.005208 1.015203 0.992547 1.008539 
0.982552 1.019867 1.021866 0.992547 0.999877 0.998544 0.996545 0.988549 0.971890 0.987882 0.989882 0.996545 0.988549 0.974555 1.002542 0.993213 1.010538 0.985883 1.007873 1.019867 1.008539 1.009872 0.991881 0.989215 1.025198 0.999210 1.002542 1.012537 1.005874 1.035860 1.008539 1.020534 1.029196 1.011205 0.978554 0.993880 1.008539 1.005208 0.999210 0.989882 1.025864 1.025198 1.048520 1.008539 1.011871 1.015203 1.004541 0.978554 1.006540 0.995212 1.004541 0.998544 1.001209 0.969225 1.000543 1.023199 1.002542 1.031862 1.005208 1.025198 0.983884 1.001209 0.996545 0.991214 
0.990548 0.970557 1.036526 1.071176 1.037192 1.043856 0.975888 0.969225 1.012537 1.019201 1.011871 1.014536 1.002542 0.987882 1.019201 1.017868 0.993213 1.031195 1.005874 0.998544 0.984551 1.011871 1.014536 1.003875 1.001209 1.023199 0.992547 0.980553 1.024532 1.010538 1.050520 0.944570 1.008539 0.988549 1.015869 1.020534 1.014536 1.015869 1.005208 0.993213 0.987882 0.971890 0.988549 1.045189 1.003209 0.989215 0.979886 1.015203 1.019867 1.023199 1.015203 1.006540 0.991214 0.975222 1.010538 1.042523 1.036526 0.949234 1.016536 0.997211 1.015869 1.011205 0.999210 1.001209 
1.003209 0.985883 0.993880 0.959896 0.963228 0.989215 0.982552 0.968558 1.024532 1.015869 0.991881 0.968558 1.014536 0.997878 0.975222 0.980553 0.946569 0.964560 1.009206 1.006540 0.980553 1.017868 1.003875 1.031862 1.017202 1.016536 1.018535 0.995212 0.983218 0.955898 0.977221 1.016536 1.012537 0.982552 1.023199 1.013870 0.991214 0.969225 1.003875 0.999877 0.998544 0.993880 0.962561 0.969891 0.999877 0.990548 0.971890 1.019201 1.009872 0.985217 0.966559 1.019201 1.019867 0.990548 0.969891 0.953232 0.964560 1.024532 0.947235 0.991214 1.019867 0.999877 0.973889 1.005874 
1.023199 1.007207 1.029196 1.013870 1.016536 1.008539 0.999877 0.987216 1.014536 0.991214 1.048520 1.001209 0.966559 1.010538 0.993213 1.013870 1.001876 1.019867 0.950567 1.023199 0.996545 1.005874 0.977221 1.025198 0.988549 0.963894 1.013204 1.013870 1.015869 1.007873 0.975888 1.028530 1.022533 0.991881 1.004541 0.983218 1.044522 1.000543 0.966559 1.028530 0.996545 1.024532 1.015203 1.023865 0.985217 1.005208 0.985217 1.003875 0.979886 1.036526 0.997211 0.971890 1.019201 1.015203 1.010538 0.994546 0.947235 0.969891 0.964560 1.006540 1.004541 0.969891 1.020534 0.981885 
1.005208 0.989215 0.961895 0.957230 0.970557 0.974555 1.050520 1.042523 0.976555 0.951233 1.040524 1.027864 1.017202 0.989215 0.972556 1.028530 1.029196 0.975222 0.995212 0.997878 0.972556 0.970557 0.938572 1.013204 1.012537 1.013870 0.992547 0.978554 1.033194 1.034527 0.979886 0.981219 0.993213 1.045855 0.963228 0.939905 1.033861 1.027864 1.017868 0.989215 0.975222 0.969891 0.956564 0.976555 0.972556 0.978554 1.039858 0.964560 0.936573 1.023865 1.019867 1.021200 0.999210 0.982552 1.033194 1.031195 0.993213 1.021200 1.019201 0.966559 0.965227 0.925245 1.004541 1.002542 
1.015203 0.995212 0.973223 0.978554 1.004541 1.017202 1.022533 1.017868 1.043190 1.017202 0.949900 1.011205 0.995212 0.996545 0.982552 0.963894 0.976555 1.014536 1.032528 0.971890 1.021866 1.039192 1.000543 0.979220 0.988549 1.026531 0.999877 0.990548 0.971890 0.981885 1.017868 1.025864 0.964560 1.021200 1.026531 0.999877 0.940572 1.011205 0.999210 0.999210 0.983884 0.983884 0.995879 1.014536 1.034527 0.953232 1.019867 1.031862 0.999210 0.993880 1.000543 0.997878 1.006540 0.993880 0.974555 0.988549 0.996545 0.999210 0.997878 1.032528 1.031195 0.981885 1.049853 0.975888 
1.019201 0.995879 0.974555 0.982552 1.013870 1.020534 0.961895 1.047188 1.080505 1.056517 0.982552 1.034527 0.955898 1.003209 0.989215 0.973889 1.007207 0.975222 1.053185 0.995212 1.052519 1.074508 1.035860 1.005874 1.003209 1.032528 1.003209 0.993880 0.977887 0.991214 0.974555 1.043190 0.988549 1.053851 1.063180 1.036526 0.971224 1.034527 0.961228 1.007873 0.988549 0.989882 0.988549 0.971890 1.041857 0.978554 1.053851 1.070510 1.038525 0.965227 1.023865 0.957897 1.012537 1.000543 0.987216 1.006540 1.006540 0.943903 1.027197 1.067178 1.068511 1.014536 0.991881 0.988549 
1.013870 0.989882 1.043856 0.969225 1.000543 1.011205 0.957230 1.046521 1.081838 1.060515 0.986550 1.035860 0.955898 1.003875 0.989882 0.970557 0.979220 0.964560 1.043190 0.989882 1.065179 1.073842 1.036526 1.004541 1.001876 1.029196 0.997878 0.987882 0.969891 0.980553 0.962561 1.033861 0.984551 1.055184 1.065846 1.040524 1.037192 1.035860 0.962561 1.008539 0.989215 0.968558 0.977221 0.959896 1.032528 0.974555 1.052519 1.072509 1.042523 1.031195 1.026531 0.960562 1.013870 0.999210 0.983218 1.000543 0.999877 0.936573 1.022533 1.064513 1.067178 1.014536 0.990548 0.984551 
1.005208 1.045189 1.027864 1.019867 0.982552 0.976555 0.931243 1.019867 1.065179 1.028530 1.022533 1.015869 1.035860 0.998544 1.011871 1.031195 0.965893 0.999877 1.003875 0.955231 1.027864 1.054518 1.003875 0.981885 0.985217 1.019201 0.989882 0.975222 1.027197 0.967892 0.997211 0.993880 0.950567 1.018535 1.045855 1.005874 1.006540 1.011871 0.948568 0.999877 0.979220 1.029196 0.964560 0.993213 0.989882 0.941238 1.020534 1.036526 1.009872 1.005208 1.009872 0.952566 1.009206 0.989882 0.962561 0.986550 0.963228 1.048520 0.987882 1.043190 1.047854 1.045855 0.964560 0.968558 
1.019867 1.029863 0.999877 0.969225 0.970557 0.972556 0.998544 0.948568 0.990548 1.023865 0.963894 0.976555 1.013870 1.015869 1.025198 0.993880 0.964560 0.985883 1.002542 1.008539 0.953899 1.025864 0.999210 1.008539 0.953899 1.001209 1.005874 1.017202 0.990548 0.972556 0.985883 0.989882 0.999210 0.988549 1.014536 0.993880 1.023199 0.963894 1.006540 1.011871 1.021866 0.993213 0.968558 0.979220 0.984551 1.004541 0.989215 1.025198 1.002542 1.029863 0.973223 1.022533 1.025198 0.995879 0.994546 0.977887 0.959229 0.965893 1.039192 0.965893 1.018535 0.977221 0.995212 0.940572 
1.005874 0.982552 0.973223 1.021200 0.995212 1.033194 0.969225 0.971890 1.023865 1.015869 0.979220 1.035193 1.020534 0.997878 1.002542 0.959229 0.976555 0.959229 1.022533 1.002542 0.983218 1.007873 0.994546 0.949900 1.018535 1.013204 0.991881 1.020534 1.024532 1.015869 0.959229 1.005874 0.989882 0.965893 0.995879 0.986550 0.953232 1.013870 1.007873 0.992547 1.003875 0.964560 1.014536 0.948568 0.995879 0.975222 0.968558 1.009206 1.001876 0.965893 1.032528 1.007873 1.006540 1.002542 0.971890 1.004541 0.969891 1.045189 1.032528 0.993880 1.006540 0.979886 1.040524 1.007207 
0.992547 1.028530 1.027864 0.963228 1.001876 1.016536 0.990548 0.975888 1.036526 1.044522 1.027864 1.004541 1.004541 0.985883 1.013204 1.008539 0.977221 1.009206 0.955898 1.033194 0.995879 1.025198 1.022533 1.000543 1.033194 1.000543 0.983218 1.007873 1.001209 0.978554 1.007207 0.982552 1.016536 0.977887 1.014536 1.017868 1.000543 0.981885 0.990548 0.980553 1.017202 1.019201 0.986550 1.001876 1.021200 0.997878 0.975888 1.025864 1.035193 1.020534 1.003875 1.012537 0.993880 0.987216 1.024532 1.015203 1.001876 0.955898 0.990548 1.004541 1.029196 1.020534 1.000543 1.005874 
0.985883 1.023199 1.025198 0.991881 0.991214 0.985883 0.991214 1.027197 0.981885 1.001209 1.020534 1.011205 0.997878 0.998544 1.004541 0.996545 1.015203 0.986550 1.017868 0.983884 1.018535 1.013204 0.981885 0.990548 0.997211 0.992547 0.978554 1.000543 0.989215 1.013204 0.980553 0.997878 1.010538 0.999210 0.965893 0.978554 0.975222 0.988549 1.001209 0.974555 1.009206 1.011871 0.976555 0.982552 0.984551 0.992547 0.995879 0.975888 0.995879 0.995212 1.011205 1.005208 0.990548 1.011871 0.991881 1.004541 0.974555 1.009872 0.985883 1.024532 0.982552 0.987882 0.981219 0.993880 
0.984551 1.023865 1.027864 0.995879 0.992547 0.980553 0.977221 1.013870 0.999877 1.021866 0.986550 1.022533 0.994546 0.976555 0.999877 0.990548 1.006540 0.975888 1.003209 1.011871 0.995879 0.992547 1.002542 0.994546 0.985883 0.985883 0.974555 0.998544 0.987882 1.009206 0.971224 0.981885 0.988549 0.975222 1.019201 1.000543 1.005874 1.005208 0.982552 0.973223 0.961895 1.003209 0.967892 0.973223 0.972556 0.974555 0.971224 1.025864 0.977221 0.982552 1.019867 0.999210 0.989215 1.015203 0.998544 1.010538 0.970557 0.998544 1.012537 0.999210 0.999210 1.011205 1.011871 0.991214 
1.004541 0.982552 1.028530 0.965227 0.993213 0.979886 0.970557 1.005208 0.991881 1.013870 1.019867 1.016536 1.009206 0.974555 0.999877 0.989882 0.999877 0.967226 0.993213 1.002542 0.989215 0.985217 0.993880 0.987882 0.997211 0.997211 1.027197 0.997211 0.987882 1.009206 0.967226 0.974555 0.981219 1.001876 1.009206 0.995212 1.005874 1.009206 1.006540 0.975888 1.001209 0.997878 1.016536 0.971224 0.969891 0.967226 0.962561 1.014536 1.003875 1.009872 1.009206 1.008539 0.983218 1.012537 1.001876 1.017868 0.975222 0.999877 1.008539 0.989882 0.986550 1.000543 1.007207 1.008539 
1.004541 1.021866 1.023199 0.958563 0.985217 0.971890 1.017868 0.997878 0.985883 1.009872 1.016536 1.014536 1.008539 0.990548 0.999877 0.988549 0.999210 0.963894 0.988549 0.997878 0.984551 0.981219 0.991214 0.986550 0.995212 0.993880 1.023199 0.992547 0.985883 1.009206 0.967892 0.973889 0.979886 0.963894 1.007207 0.995879 1.008539 1.013204 1.011205 0.997211 1.001209 0.999877 1.018535 0.974555 0.976555 0.973889 0.999877 1.011871 0.997878 1.002542 1.000543 0.998544 1.029196 1.001209 0.992547 1.012537 0.975888 1.004541 1.012537 0.987216 0.979220 0.993880 1.003209 1.009206 
0.997878 1.013204 1.009872 0.975888 0.974555 0.963228 1.007873 0.989882 1.015869 1.005208 1.013870 1.012537 1.005874 1.031195 0.997878 0.987882 1.000543 0.963228 0.989215 0.999210 0.985217 0.982552 0.993880 0.988549 0.996545 0.993213 1.019867 0.989215 0.984551 1.009872 0.970557 0.977887 0.983218 0.967226 1.011205 0.998544 1.009206 1.011871 1.009872 0.997878 1.006540 1.007207 0.975888 0.983218 0.984551 0.981219 0.968558 1.013204 0.997211 0.999877 0.997878 0.994546 1.021200 0.987216 1.003875 0.995212 0.969225 1.002542 1.010538 0.987216 0.978554 0.991881 0.999877 1.004541 
1.029196 1.003209 0.998544 1.015869 0.961895 0.951233 0.993880 0.977221 0.969891 0.998544 1.008539 1.007873 1.001209 1.025864 0.953899 0.986550 1.001209 0.969225 0.995879 1.006540 0.991214 0.988549 0.998544 0.993213 0.999877 0.994546 1.019201 0.988549 0.984551 1.013204 0.976555 0.983884 0.987882 1.006540 1.013870 0.999210 1.007873 1.007873 1.005874 0.997211 1.009872 1.015203 0.955231 0.989882 0.985883 0.982552 1.006540 1.015203 0.998544 1.001876 0.999877 0.995212 1.017868 0.979886 0.992547 0.982552 0.961228 0.997878 1.008539 0.988549 0.981885 0.993880 0.998544 0.999210 
1.025864 0.998544 0.994546 0.960562 0.959229 0.956564 0.990548 0.973223 1.002542 0.994546 1.004541 1.003875 0.997878 1.023199 0.993213 0.986550 1.005874 0.976555 1.005208 1.017868 1.003209 0.996545 1.005874 0.997211 1.002542 0.998544 1.023865 0.991214 0.987216 1.017868 0.984551 0.990548 0.957230 0.974555 1.015203 0.999210 1.005874 1.006540 1.005208 0.994546 1.013870 1.021200 0.989215 0.991881 0.986550 0.979886 0.968558 1.015869 1.000543 1.003875 1.002542 0.997878 1.019201 0.979886 0.991881 0.978554 0.955898 0.993213 1.004541 0.952566 0.985217 0.997878 1.001209 0.999210 
0.991881 1.005874 1.003209 1.020534 0.965893 0.957230 1.001876 0.981219 0.971224 0.996545 1.002542 1.001209 0.997211 1.023199 0.993880 0.987216 1.008539 0.979886 1.013870 1.029863 1.015203 1.007873 1.015869 1.002542 1.007207 1.005208 0.989215 0.999210 0.993880 1.023865 0.990548 0.995212 1.000543 0.979220 1.017868 0.999877 1.006540 1.009206 1.009872 0.998544 1.017202 1.024532 0.991214 0.993880 0.985883 0.977887 1.003209 1.015203 1.001209 1.007207 1.005874 1.001209 1.023199 0.984551 0.995212 0.982552 0.961895 0.986550 1.001876 0.989882 0.989882 1.004541 1.007207 1.004541 
1.001209 0.979220 1.022533 0.987216 0.983218 0.975222 1.021866 0.997878 1.017202 1.001876 1.005874 0.983218 0.979220 0.968558 0.999210 0.993213 1.013870 0.992547 1.021866 1.039192 0.989215 1.020534 0.993213 0.988549 0.993213 0.991881 0.981219 1.006540 0.997211 1.025198 0.991881 1.002542 1.008539 1.023199 1.024532 0.974555 1.015203 0.997211 0.997211 0.989882 0.980553 0.977221 0.987882 0.988549 0.983884 0.975888 0.999877 0.977221 1.002542 1.009872 0.989215 0.984551 1.027197 0.987882 0.968558 0.988549 0.958563 0.989882 1.058516 0.993880 0.997878 1.014536 1.015869 0.993880 
0.993880 0.991881 1.037192 1.005208 1.001209 0.993213 0.988549 1.019201 0.965893 0.993880 0.984551 1.013204 0.987216 0.997878 1.011205 1.005208 1.024532 1.005208 0.983884 1.016536 0.972556 1.001209 1.003875 0.997211 0.999877 0.995212 0.981885 1.006540 0.997878 1.027197 1.001209 1.010538 0.949900 1.040524 0.973223 1.001209 0.995879 1.009206 1.007207 1.015203 0.985217 1.023865 0.983884 0.990548 0.987216 0.983218 1.008539 0.985883 0.989215 0.983218 0.993880 0.987882 0.987882 0.992547 0.976555 0.994546 0.974555 1.002542 0.947901 1.009872 1.011871 0.993213 1.005208 1.001876 
0.999210 0.999877 0.962561 0.994546 1.031195 1.025864 0.953899 1.020534 0.995879 0.954565 1.015203 1.006540 0.997878 0.989882 0.969891 1.028530 0.998544 1.035860 1.017202 1.015869 1.001876 1.025198 1.022533 0.999210 1.007207 0.997878 1.000543 1.009872 1.006540 0.989882 1.025198 0.989882 0.984551 0.971224 1.005874 1.045189 1.013870 1.022533 1.016536 1.005208 0.974555 1.032528 0.996545 1.013870 1.022533 0.952566 1.014536 0.985883 0.999877 0.996545 1.001876 1.010538 0.977221 1.003875 0.949234 1.022533 1.010538 0.992547 0.990548 0.991881 1.009206 1.013204 1.006540 1.009872 
1.007873 1.008539 0.999877 0.957897 0.945902 0.958563 1.016536 1.014536 0.999210 0.998544 0.980553 1.014536 1.029863 1.003875 0.988549 0.991881 0.945902 0.958563 1.005874 1.008539 0.983884 1.019867 1.005208 0.971224 1.021866 0.978554 0.990548 1.001209 0.963894 0.951900 0.944570 0.979886 0.981219 0.957897 1.006540 1.005208 0.990548 0.974555 1.028530 1.013204 0.984551 0.983218 1.001876 0.939239 0.969225 1.034527 1.023199 0.997211 0.991881 0.971224 1.017202 1.003209 0.987882 0.981219 0.980553 0.985217 0.942571 0.973889 0.997878 0.973223 1.011205 0.997878 0.977221 1.012537 
1.017868 1.000543 1.017868 0.993880 0.983218 1.035193 0.956564 1.024532 0.981885 1.045855 1.029196 0.988549 1.015869 1.015203 1.005208 1.023865 0.997878 1.029863 0.983884 1.012537 1.053185 0.993880 0.965227 1.013870 0.980553 1.022533 1.004541 0.985217 0.999877 1.005874 1.014536 0.957230 0.987216 0.961895 0.981219 0.968558 1.037192 0.999877 0.973889 1.021200 0.996545 0.973223 0.987216 1.013204 0.959896 0.985883 0.969225 0.985883 0.961895 1.017202 0.975222 1.015203 1.000543 1.003209 0.999210 0.979886 0.999877 0.984551 1.013870 0.986550 0.989882 1.060515 1.015869 0.978554 
0.999210 0.981219 1.037859 1.031862 0.959896 0.961228 0.963228 1.037859 0.973889 0.951900 1.038525 1.025198 0.978554 0.996545 0.989215 0.968558 0.967226 0.992547 1.013870 0.921914 0.989882 0.984551 0.946569 1.015869 1.014536 1.012537 0.990548 0.978554 0.971224 0.958563 0.981219 0.980553 0.995879 0.968558 0.971890 0.950567 1.045189 1.037192 0.989882 0.998544 1.008539 0.970557 1.012537 0.979886 1.000543 1.003209 0.969225 0.986550 0.949234 1.028530 1.012537 1.005208 1.013870 0.979886 0.973889 0.959229 0.997878 1.027864 1.030529 0.981885 0.981219 0.937240 1.013204 1.004541 
1.003875 0.985883 0.965893 0.969225 0.991214 1.001876 1.009206 1.011871 1.037192 1.011871 0.943903 1.003209 0.991881 1.001209 0.994546 0.981885 0.993880 0.973223 1.043856 0.980553 1.045189 1.045855 1.003875 0.979886 0.989215 0.987216 0.999210 0.987882 0.973889 0.988549 1.024532 1.032528 1.055850 1.031862 1.038525 1.013204 0.950567 1.015203 1.001876 1.003875 0.985217 0.966559 0.974555 1.011871 0.965227 0.971224 1.041857 1.051852 1.010538 0.996545 0.995879 1.023865 0.995879 0.989882 0.978554 0.993213 0.985883 1.000543 1.001876 1.041191 1.041191 0.988549 0.968558 0.969891 
1.001209 0.983884 0.965893 0.973223 1.000543 1.003875 0.946569 1.019201 1.067178 1.044522 0.969891 1.021866 0.999877 1.002542 0.993880 0.981219 0.999210 0.984551 0.992547 0.999877 1.055850 1.077174 1.036526 1.003209 1.057183 1.031195 0.999877 0.989215 0.977221 0.995879 0.981219 1.053851 0.998544 1.064513 1.073175 1.045855 0.975888 1.031862 0.955898 1.003875 0.985883 0.969225 0.978554 1.018535 1.037192 0.982552 1.061181 1.077840 1.040524 1.024532 1.017868 0.999210 1.019201 0.993880 0.997211 0.999877 0.998544 0.933242 1.019201 1.062514 1.067178 1.013204 0.984551 0.973889 
0.994546 0.975888 0.958563 0.965227 1.010538 0.997211 0.942571 1.031862 1.067845 1.047188 1.037192 1.023865 1.036526 0.997211 0.987882 0.973223 0.987882 0.973889 1.051852 0.995879 1.055850 1.079173 1.039192 0.943903 1.004541 1.030529 0.998544 0.986550 0.970557 0.985883 1.046521 1.045189 0.996545 1.066512 1.075175 1.045855 0.975222 1.029196 0.951233 0.997211 0.982552 0.967226 0.973889 1.026531 1.033861 0.967226 1.050520 1.069844 1.039858 1.025864 1.019867 0.951233 1.003875 0.989882 0.973223 0.987882 0.983218 0.920581 1.007873 1.053851 1.062514 1.011205 0.981885 0.968558 
0.983884 0.964560 1.018535 1.017868 0.979220 0.963894 1.073175 1.003875 1.054518 1.019201 1.015203 1.010538 1.029196 0.990548 0.977221 0.969225 0.975222 1.014536 1.018535 0.969225 1.045189 1.052519 1.015203 0.985883 0.993213 1.025864 0.994546 0.978554 0.969891 0.959229 1.011205 1.006540 0.966559 1.034527 1.060515 1.016536 1.011205 1.007207 0.934574 0.983884 0.971890 1.032528 0.971224 0.995212 1.043190 0.932575 1.011205 1.048520 1.005874 0.999877 1.000543 1.029196 0.993213 0.975222 1.025864 0.970557 1.016536 1.027197 0.972556 1.032528 1.045189 1.045189 0.959229 0.955231 
0.999877 1.009872 0.989882 0.971890 0.977887 0.971224 0.992547 0.939905 1.037859 1.023865 1.051186 0.982552 1.016536 1.015869 0.994546 1.002542 0.983218 0.949900 1.027864 1.037192 0.981885 1.007207 0.977887 1.027197 0.969891 1.012537 1.014536 0.991214 0.999877 0.989215 0.949900 1.014536 1.028530 0.966559 0.992547 1.019201 0.957897 0.969225 0.998544 0.996545 0.983218 1.002542 0.985217 0.943903 0.993880 1.009206 0.989882 1.024532 1.004541 1.028530 0.964560 1.005874 1.006540 0.981219 0.985883 0.969225 0.945236 1.027197 1.033194 0.965227 1.025864 0.983218 0.994546 1.017868 
0.986550 0.995212 0.963228 1.023865 1.003875 0.995879 0.974555 0.973889 1.025198 1.020534 0.983218 1.044522 1.011205 1.009206 1.013204 0.969225 1.023199 1.022533 0.934574 0.954565 1.012537 0.963228 1.027864 0.968558 1.035860 1.023865 0.997878 0.999210 0.960562 0.998544 0.979886 1.033194 1.021200 0.994546 1.024532 1.013204 0.973889 1.025864 1.006540 0.982552 0.992547 0.965227 1.025198 0.965227 1.009872 0.982552 0.970557 1.009872 1.001209 0.963894 1.024532 1.013870 0.989882 0.995879 1.017868 1.003875 0.966559 1.037192 1.027197 0.991881 1.007207 0.979886 1.036526 0.995879 
0.981885 0.963228 1.025198 1.002542 1.019201 0.982552 1.009206 0.988549 1.040524 1.045855 1.027864 1.009206 1.015869 0.999877 1.000543 1.017868 0.981885 1.013204 1.009206 1.051852 1.021200 0.956564 0.953899 1.016536 1.025198 1.007207 0.985217 0.981219 1.000543 0.984551 1.017868 0.956564 1.042523 1.001876 1.037192 1.037859 1.017868 0.993880 0.992547 0.976555 0.951900 1.011871 0.983884 1.003209 1.033194 1.006540 0.978554 1.023865 1.031862 1.015869 0.995212 0.997878 0.980553 0.984551 0.955231 0.973223 1.009872 1.002542 1.040524 0.999210 1.023199 1.013870 0.991881 0.995212 
0.983218 1.024532 1.029863 0.971224 1.005208 1.004541 1.005874 0.968558 0.978554 0.989215 0.987216 0.983218 1.000543 0.989882 1.015203 1.003209 1.015203 0.985883 1.014536 0.989882 0.957230 1.014536 0.999877 0.980553 1.003209 0.993880 0.975888 0.995212 1.015869 1.014536 0.986550 1.005874 0.977221 1.011871 0.976555 0.987216 0.983884 0.975222 0.987882 0.977887 1.008539 1.006540 0.969225 0.981885 0.994546 0.956564 1.034527 0.970557 0.989215 0.988549 0.999210 0.987882 0.973223 0.975222 0.991214 1.013204 0.987216 1.014536 0.983884 1.015869 0.972556 0.977887 0.972556 0.987882 
0.985883 1.029863 1.033861 1.002542 0.999877 0.989215 0.981219 0.973223 0.983218 0.999877 1.005208 0.989215 0.988549 0.980553 0.965893 0.995879 1.003875 0.971890 0.991881 1.005874 0.999877 0.964560 0.975888 1.001876 1.009206 0.986550 0.971224 0.990548 0.979886 1.005874 0.973223 0.985217 0.993880 1.017202 1.024532 0.967226 0.971224 0.989215 0.985883 0.979220 1.011205 1.011871 0.971224 0.978554 0.986550 0.989882 1.017202 1.025864 0.971890 0.975888 0.991214 0.982552 1.025198 0.970557 1.015203 1.007207 0.975222 1.003875 1.011871 0.995879 0.992547 1.003209 1.004541 0.986550 
0.985883 1.026531 1.027864 0.963228 0.987882 0.975888 1.014536 0.985883 0.965893 0.987882 0.997211 1.001876 0.984551 0.975888 1.003875 0.995879 1.004541 0.967892 0.983218 0.992547 0.948568 0.987882 1.002542 0.993213 0.999877 0.979886 1.025198 0.989882 1.009872 1.005208 0.969891 0.978554 0.987882 1.049187 1.016536 0.999210 1.005208 1.004541 0.983218 0.977887 0.954565 1.014536 0.977887 0.986550 0.995212 0.995879 1.017868 1.022533 1.003875 1.007207 1.002542 0.977221 1.020534 0.988549 1.007873 1.003209 0.975888 1.007207 0.943237 0.996545 0.990548 1.000543 1.001876 1.003875 
