22 2 74.990456 183.202759
154.036163 105.847870 
158.263199 98.661896 
167.985397 89.362404 
173.480560 84.289948 
146.427490 111.765732 
163.758362 94.434853 
140.932327 116.838181 
177.707596 79.640205 
164.603775 101.198120 
173.480560 92.321335 
182.780060 74.990456 
136.282578 121.910637 
153.613464 112.188438 
183.202759 83.867249 
178.975723 88.516991 
170.944336 98.239189 
147.695602 105.847870 
160.799423 106.693275 
130.364716 125.292267 
151.077225 101.198120 
139.241516 110.920319 
147.695602 117.260887 
