28 2 72.523705 159.572433
110.607521 137.470215 
119.108376 134.749939 
106.867149 141.550629 
102.446709 145.291000 
98.026260 148.691345 
93.945854 153.791855 
91.905647 145.631042 
116.048065 139.170395 
111.627625 142.570724 
86.125069 152.091690 
107.547218 147.331207 
124.208885 133.389801 
122.168686 140.870560 
102.446709 152.431717 
118.768341 145.971069 
80.004456 154.811951 
112.987762 150.731552 
99.046364 158.552338 
107.887253 153.791855 
100.066467 140.530518 
127.609230 129.649429 
96.326088 144.270905 
90.205475 152.431717 
81.024559 148.011276 
90.205475 159.572433 
72.523705 156.172089 
134.069870 129.649429 
114.007866 134.069870 
