7
2
0.01606 5.51122 -0.465312
0.010213 5.50808 -0.411609
0.00588978 5.50199 -0.361187
0.00572444 5.49533 -0.316268
0.00572444 5.49533 -0.316268
0.00555911 5.48866 -0.271349
0.00115096 5.48071 -0.230657
-0.011449 5.47629 -0.179798

0.83481
2
0 0 0
0.0238346 0.012751 0.0342845
0.0607978 0.00262513 0.137945
0.0967694 0.000644012 0.184444
0.0967694 0.000644012 0.184444
0.132741 -0.00133711 0.230942
0.186481 -0.0221535 0.256362
0.225743 -0.0530212 0.237444

0.990233
2
0 0 0
-0.0146389 -0.0246128 0.0354647
-0.036954 -0.0390626 0.114138
-0.0588684 -0.0779864 0.141615
-0.0588684 -0.0779864 0.141615
-0.0807828 -0.11691 0.169091
-0.107493 -0.159421 0.14028
-0.122927 -0.181931 0.111751

0.586096
2
0 0 0
-0.0380467 -0.0075694 0.0272648
-0.0744045 -0.0272992 0.0968153
-0.131801 -0.0427828 0.123282
-0.131801 -0.0427828 0.123282
-0.189196 -0.0582663 0.149748
-0.233588 -0.0949294 0.131821
-0.260368 -0.104035 0.120631

0.969518
2
0 0 0
0.00847677 -0.0189999 0.00958627
0.00886432 -0.0252708 0.04166
0.00873242 -0.0279636 0.0580497
0.00873242 -0.0279636 0.0580497
0.00860051 -0.0306565 0.0744394
0.00644058 -0.0543323 0.116509
0.00588002 -0.0682295 0.130663

0.422624
2
0 0 0
0.0277797 0.00309455 0.0150017
0.0666598 0.00532585 0.0948323
0.103541 0.00576032 0.109464
0.103541 0.00576032 0.109464
0.140422 0.00619478 0.124095
0.186272 -0.0023789 0.123252
0.207477 -0.0136459 0.119489

0.257434
2
0 0 0
-0.037657 -0.0193511 0.025854
-0.0674383 -0.0245458 0.0974072
-0.126042 -0.0446313 0.0904315
-0.126042 -0.0446313 0.0904315
-0.184645 -0.0647167 0.0834559
-0.17225 -0.0666659 0.0292393
-0.178198 -0.0658851 0.00936191

0.166267
2
0 0 0
0.0183163 0.00191175 0.0105614
0.0298962 0.00172944 0.0434577
0.0544788 0.00807923 0.0606029
0.0544788 0.00807923 0.0606029
0.0790614 0.014429 0.077748
0.111284 0.0213062 0.0622168
0.145639 0.00427033 0.0517803
