8
2
-0.00255913 5.48194 -0.476541
0.00471734 5.47874 -0.415631
-0.011127 5.4957 -0.318934
-0.00603078 5.49587 -0.280215
-0.00603078 5.49587 -0.280215
-0.000934558 5.49603 -0.241496
-0.0761619 5.51706 -0.118278
-0.00644904 5.48741 -0.121771

0.684796
2
0 0 0
0.0320944 -0.0187638 0.0525201
0.0268681 0.0722594 0.179462
0.0465832 0.0993408 0.231272
0.0465832 0.0993408 0.231272
0.0662984 0.126422 0.283081
0.0903193 0.225935 0.351492
0.0946153 0.242952 0.394512

0.967553
2
0 0 0
-0.0522335 0.0274198 0.0279563
-0.0366335 -0.0182819 0.11381
-0.0896774 -0.0148553 0.171536
-0.0896774 -0.0148553 0.171536
-0.142721 -0.0114287 0.229263
-0.207001 -0.00285931 0.298001
-0.254785 0.0158494 0.332601

0.550964
2
0 0 0
-0.0251408 -0.0313403 0.0390783
-0.0239242 -0.0336267 0.136898
-0.0563487 -0.061558 0.18378
-0.0563487 -0.061558 0.18378
-0.0887732 -0.0894892 0.230662
-0.152488 -0.144569 0.306497
-0.194154 -0.171765 0.347193

0.584961
2
0 0 0
0.013678 0.0242243 0.0595185
0.0282423 0.0788887 0.135589
0.0493431 0.109841 0.168007
0.0493431 0.109841 0.168007
0.070444 0.140793 0.200424
0.110311 0.231527 0.238113
0.127693 0.265599 0.257115

0.366633
2
0 0 0
-0.0255101 -0.0394922 0.0593528
-0.0232914 -0.0651169 0.139748
-0.0540602 -0.123251 0.177703
-0.0540602 -0.123251 0.177703
-0.0848289 -0.181384 0.215658
-0.138781 -0.233724 0.226888
-0.178721 -0.278011 0.207669

1.00195
2
0 0 0
-0.0309028 -0.069226 0.0531182
-0.0174531 0.031708 0.0669334
-0.0198278 0.0363378 0.124538
-0.0198278 0.0363378 0.124538
-0.0222026 0.0409675 0.182142
-0.0180085 0.0694545 0.185339
-0.00636075 0.082632 0.254888

0.37505
2
0 0 0
0.0196918 0.0374316 0.0473526
0.048044 0.0654689 0.137737
0.094877 0.127119 0.148467
0.094877 0.127119 0.148467
0.14171 0.188768 0.159197
0.15995 0.223076 0.107282
0.171771 0.252482 0.0788242

0.278686
2
0 0 0
-0.0125812 -0.04328 0.0311282
-0.0165118 -0.0707646 0.122123
-0.0358907 -0.128621 0.130042
-0.0358907 -0.128621 0.130042
-0.0552695 -0.186478 0.137961
-0.0660074 -0.223136 0.10946
-0.0827028 -0.230831 0.0646287
