8
2
0.00102514 5.48086 -0.450622
-0.00263731 5.48575 -0.407612
-0.00836798 5.49422 -0.319167
-0.0112303 5.49557 -0.282982
-0.0112303 5.49557 -0.282982
-0.0140927 5.49691 -0.246797
-0.0171723 5.49719 -0.174746
-0.0202733 5.49669 -0.140149

0.926064
2
0 0 0
0.018443 0.0339361 0.0355121
0.0268667 0.0574756 0.127849
0.0395365 0.0806979 0.170909
0.0395365 0.0806979 0.170909
0.0522064 0.10392 0.21397
0.0769238 0.167486 0.280874
0.0863213 0.200216 0.325563

0.998641
2
0 0 0
-0.0242623 0.00711381 0.0433809
-0.0518975 -0.00406152 0.112505
-0.0728795 -0.00322607 0.142048
-0.0728795 -0.00322607 0.142048
-0.0938615 -0.00239063 0.171591
-0.166126 0.01988 0.264125
-0.200688 0.0263743 0.289636

0.66482
2
0 0 0
-0.0189627 -0.025206 0.048709
-0.0333131 -0.0334731 0.130111
-0.0711336 -0.0533955 0.17282
-0.0711336 -0.0533955 0.17282
-0.108954 -0.0733179 0.21553
-0.184086 -0.118358 0.296445
-0.217131 -0.139242 0.334572

0.550489
2
0 0 0
0.0178814 0.020771 0.0369353
0.0277264 0.0438734 0.127541
0.0528057 0.0715377 0.165296
0.0528057 0.0715377 0.165296
0.0778851 0.0992019 0.203052
0.137958 0.182607 0.255588
0.165724 0.225867 0.27614

0.432759
2
0 0 0
-0.0158533 -0.0299825 0.0390475
-0.0496982 -0.0747414 0.129466
-0.0770997 -0.106063 0.157942
-0.0770997 -0.106063 0.157942
-0.104501 -0.137385 0.186417
-0.190528 -0.19466 0.19457
-0.225987 -0.220697 0.191693

0.997282
2
0 0 0
0.00742628 0.000325217 0.0143268
0.00782679 0.00332037 0.0515503
0.0110233 0.00952344 0.0727884
0.0110233 0.00952344 0.0727884
0.0142199 0.0157265 0.0940265
0.0178289 0.0409348 0.140117
0.0238849 0.0444577 0.172164

0.369396
2
0 0 0
0.0221906 0.0254137 0.0367033
0.0516156 0.0514784 0.125033
0.0886706 0.0997101 0.152534
0.0886706 0.0997101 0.152534
0.125726 0.147942 0.180035
0.165914 0.193207 0.12867
0.183881 0.22225 0.104774

0.282505
2
0 0 0
-0.00993842 -0.0312815 0.0270045
-0.037214 -0.0659514 0.0955634
-0.0555491 -0.103623 0.118135
-0.0555491 -0.103623 0.118135
-0.0738842 -0.141294 0.140707
-0.104953 -0.178387 0.109726
-0.114271 -0.192401 0.101138
