8
2
0.0010452 5.48509 -0.451295
-0.00102888 5.4771 -0.400776
-0.00460864 5.49644 -0.31048
-0.0151534 5.48633 -0.285902
-0.0151534 5.48633 -0.285902
-0.0256982 5.47622 -0.261325
-0.0380672 5.48422 -0.173833
-0.0228163 5.49597 -0.150135

0.665397
2
0 0 0
0.0343522 0.00806195 0.0639063
0.0120998 0.0576376 0.171231
0.0373877 0.0847225 0.234442
0.0373877 0.0847225 0.234442
0.0626755 0.111807 0.297653
0.0799173 0.185834 0.369642
0.0951031 0.215167 0.421034

0.998306
2
0 0 0
-0.0179344 0.0268046 0.0427368
-0.0402721 -0.0151063 0.116342
-0.0731712 -0.00236034 0.158635
-0.0731712 -0.00236034 0.158635
-0.10607 0.0103856 0.200927
-0.166885 0.0161798 0.25871
-0.199415 0.02924 0.303864

0.855228
2
0 0 0
-0.0139676 -0.0264293 0.0425783
-0.0498225 -0.0374713 0.118585
-0.0820995 -0.0585531 0.152558
-0.0820995 -0.0585531 0.152558
-0.114376 -0.0796349 0.186531
-0.182535 -0.113059 0.245668
-0.202303 -0.127509 0.276523

0.507608
2
0 0 0
0.0133315 0.0214722 0.0379413
0.0232451 0.0489262 0.127079
0.0506402 0.0767983 0.168327
0.0506402 0.0767983 0.168327
0.0780352 0.10467 0.209575
0.127736 0.171817 0.26706
0.167421 0.224637 0.281548

0.442158
2
0 0 0
-0.0196032 -0.0340099 0.0492395
-0.0498774 -0.063021 0.124683
-0.0838836 -0.104979 0.158192
-0.0838836 -0.104979 0.158192
-0.11789 -0.146936 0.191702
-0.181786 -0.185785 0.196434
-0.220202 -0.211322 0.186384

1.00161
2
0 0 0
0.027558 -0.026705 0.0126322
0.00437828 -0.0222756 0.0635743
0.0134196 -0.00276063 0.0701732
0.0134196 -0.00276063 0.0701732
0.0224609 0.0167543 0.076772
0.0152362 0.0357765 0.110116
0.0184256 0.0361878 0.137364

0.378605
2
0 0 0
0.0331519 0.0341861 0.0339848
0.0471822 0.0573683 0.13341
0.0946807 0.114826 0.147852
0.0946807 0.114826 0.147852
0.142179 0.172284 0.162294
0.180054 0.209389 0.124372
0.187746 0.231042 0.0873509

0.275167
2
0 0 0
-0.0198597 -0.0350263 0.0233055
-0.0283403 -0.0594846 0.0886441
-0.0586294 -0.0955175 0.111426
-0.0586294 -0.0955175 0.111426
-0.0889185 -0.13155 0.134207
-0.0998765 -0.171074 0.121057
-0.117598 -0.182098 0.10191
