33 2 69.868912 224.355606
81.938187 199.010132 
86.162430 202.630920 
90.990143 206.855164 
95.817848 212.286331 
86.765892 209.872482 
89.783211 197.199738 
85.558968 195.389343 
104.266342 214.700195 
90.386673 214.096725 
82.541649 206.251694 
97.628242 205.648239 
111.507904 211.079407 
112.111366 220.131363 
94.610924 199.613602 
84.352036 189.354721 
96.421310 219.527893 
130.215271 220.734818 
83.748573 224.355606 
72.886230 172.457733 
78.920868 191.768570 
69.868912 160.388458 
89.783211 180.906219 
76.507011 202.630920 
109.697510 192.372040 
119.352928 221.338287 
97.628242 192.975494 
83.748573 217.114044 
90.386673 223.148682 
105.473267 206.251694 
104.266342 223.148682 
119.956398 206.855164 
92.800529 188.751251 
103.059410 197.803207 
