39 2 77.992218 224.403397
88.858673 207.245834 
87.714836 201.526657 
94.005943 208.389679 
97.437454 213.536942 
82.567566 198.667053 
81.423729 192.947876 
91.146347 213.536942 
83.711403 204.958160 
108.303909 220.399963 
103.156639 216.396530 
85.999077 194.091705 
104.872398 203.814331 
84.855240 215.824615 
100.868965 207.817749 
110.019661 208.961594 
99.725128 198.667053 
116.310768 216.396530 
94.577858 200.954727 
117.454605 205.530075 
94.577858 218.684204 
136.327927 219.256134 
124.317627 220.971878 
122.601875 211.249268 
90.574432 189.516357 
112.879257 195.807465 
104.872398 194.663620 
130.036819 206.673920 
95.149780 184.941010 
102.012802 224.403397 
79.136055 184.941010 
154.057404 215.252701 
127.749146 192.947876 
77.992218 197.523224 
99.725128 190.660202 
89.430588 219.828049 
149.482056 206.673920 
90.574432 196.379379 
112.307335 176.362228 
78.564140 210.677353 
