650 11 0 895
0 0 0 0 0 0 0 0 0 0 0 
0 0 0 0 0 0 0 0 1 2 2 
3 4 5 6 7 8 9 10 11 12 13 
0 0 14 0 15 16 0 0 2 17 0 
0 0 0 0 0 0 0 0 18 18 18 
0 0 0 19 0 0 0 0 20 20 20 
21 21 21 0 0 0 0 0 22 23 23 
24 24 24 24 24 25 25 25 26 26 26 
0 0 0 0 0 0 0 0 27 28 28 
0 0 0 21 0 0 0 0 29 29 29 
30 31 0 0 0 0 0 0 29 32 33 
0 0 0 31 34 25 0 25 25 35 36 
37 37 38 38 38 38 38 38 39 38 38 
0 0 0 0 0 40 17 0 41 42 42 
0 21 0 0 34 31 31 31 2 43 44 
45 45 45 45 45 45 45 45 45 45 45 
46 46 46 25 46 24 25 24 25 22 22 
45 45 45 45 47 45 45 45 48 49 49 
0 0 0 0 0 31 0 41 41 41 41 
0 0 34 0 0 0 0 0 0 50 50 
31 31 0 21 0 0 0 0 51 52 52 
46 46 46 46 46 46 46 46 46 46 46 
45 45 45 45 47 45 45 47 53 49 49 
0 0 0 54 0 0 31 51 40 51 52 
45 45 45 45 45 45 45 45 45 55 55 
56 56 56 56 56 56 56 56 56 56 56 
57 58 59 60 61 62 63 64 65 66 67 
54 54 68 0 0 0 0 0 0 29 29 
38 38 38 38 38 69 38 38 38 70 70 
45 45 45 45 45 45 71 45 71 72 72 
73 73 74 74 74 74 73 74 75 75 74 
0 0 0 0 0 0 0 0 0 76 76 
63 63 54 54 0 68 0 77 78 79 80 
24 24 24 24 24 24 81 82 83 82 82 
0 54 54 0 54 0 0 21 21 84 84 
0 0 0 0 0 40 0 35 76 85 85 
86 86 86 86 86 86 86 86 86 86 86 
46 46 81 46 24 81 46 83 83 87 87 
88 89 90 91 92 93 94 95 96 97 98 
99 100 101 102 103 104 105 106 107 108 109 
110 110 46 46 81 81 46 91 111 111 112 
25 25 21 21 25 25 25 25 83 113 114 
0 0 0 0 0 0 21 65 44 115 115 
46 46 46 46 46 46 97 97 116 116 116 
117 118 119 120 121 122 123 124 125 126 127 
0 0 59 0 31 0 59 21 21 44 128 
86 86 86 86 86 86 45 47 129 130 131 
132 132 132 132 133 133 133 133 133 132 132 
45 45 45 45 45 45 45 45 134 135 135 
0 0 21 0 47 0 0 0 136 137 137 
0 0 0 0 0 0 0 0 136 138 138 
0 0 0 31 31 40 139 139 139 79 79 
86 86 73 73 86 110 60 86 140 141 141 
142 142 142 142 142 142 142 142 142 142 142 
0 0 0 0 0 143 21 25 21 83 144 
46 46 25 25 25 46 24 145 146 147 147 
0 0 0 0 0 0 63 0 148 33 149 
46 46 46 46 46 46 46 150 150 126 126 
68 68 0 0 0 40 0 151 152 52 52 
0 0 0 0 0 40 0 17 29 153 154 
21 21 155 34 31 40 0 156 157 2 158 
63 63 63 63 63 21 40 0 159 52 52 
0 0 0 54 54 0 0 113 160 161 161 
162 162 46 46 46 46 24 46 147 23 23 
0 0 21 163 163 155 164 163 99 113 113 
0 0 0 0 0 40 0 0 85 165 166 
99 99 0 0 63 99 99 159 167 168 168 
169 170 171 172 173 174 175 176 177 178 179 
45 45 45 45 45 180 45 181 182 182 182 
46 46 46 46 110 183 46 24 126 147 147 
0 0 0 0 0 0 0 184 185 186 186 
0 0 0 0 0 0 0 21 163 187 187 
0 0 0 0 0 0 0 0 76 188 188 
45 45 45 45 45 45 45 45 189 190 191 
0 31 31 163 0 68 0 148 51 84 149 
91 91 24 46 46 46 25 82 82 113 113 
24 24 164 164 21 25 25 25 82 152 152 
21 21 163 0 54 0 192 192 113 153 193 
0 0 0 21 21 99 40 97 82 83 194 
0 0 0 0 0 40 21 0 195 195 196 
0 0 54 63 68 68 34 128 167 197 197 
0 0 0 31 192 40 0 0 32 185 185 
45 45 45 45 45 198 198 199 200 201 201 
40 40 68 0 0 21 0 0 159 202 202 
45 45 45 45 45 45 45 45 203 204 204 
21 163 0 47 192 63 59 77 77 79 79 
132 132 132 132 132 132 132 132 205 206 206 
46 46 24 46 46 46 25 183 207 208 208 
209 209 46 46 46 24 46 46 210 211 211 
99 99 0 68 68 54 68 137 54 137 137 
142 142 142 142 142 142 212 213 213 214 214 
21 21 21 40 40 163 215 35 113 85 85 
216 216 74 74 74 73 217 73 218 219 219 
142 142 142 59 142 142 142 212 212 84 32 
63 99 46 62 63 59 25 97 112 220 220 
0 0 0 0 0 0 34 31 136 221 221 
0 0 0 0 222 31 0 0 223 223 223 
99 99 163 0 0 224 0 17 225 85 85 
0 0 0 25 110 0 63 192 226 113 113 
142 142 227 142 142 227 142 142 228 229 230 
0 0 0 31 0 0 0 0 44 231 231 
0 0 0 63 0 40 0 0 0 232 232 
40 40 54 224 31 60 164 233 51 234 234 
0 0 0 0 235 236 192 63 144 144 144 
86 86 86 86 237 86 237 86 238 238 238 
0 0 0 0 31 31 0 185 33 239 239 
24 24 46 46 46 46 46 97 240 240 240 
0 0 0 0 0 40 0 21 241 242 242 
0 0 224 60 47 99 0 29 115 243 243 
40 0 0 0 0 0 151 151 244 244 151 
40 40 46 46 46 91 91 0 68 245 245 
45 45 47 164 246 180 47 247 203 52 52 
34 34 34 68 63 45 54 0 248 231 231 
132 132 132 132 132 132 132 132 249 250 250 
46 46 46 24 24 24 81 251 24 252 252 
46 46 46 46 46 46 46 46 253 254 255 
0 0 0 59 0 0 21 54 159 256 256 
46 46 24 24 46 81 81 81 46 147 145 
46 46 46 46 46 25 24 111 87 257 257 
45 45 45 45 45 45 45 258 35 197 197 
0 0 0 222 0 0 0 0 115 259 259 
74 74 74 74 74 21 74 260 261 262 260 
45 45 45 47 45 45 263 0 31 264 264 
265 265 54 0 266 266 63 0 0 267 267 
45 45 45 45 268 269 269 270 271 272 272 
0 54 60 273 0 0 163 148 274 275 275 
222 0 0 266 0 0 0 0 0 276 276 
45 45 45 45 47 277 278 279 280 281 281 
99 99 0 0 0 0 40 282 283 221 221 
0 0 0 0 54 0 0 284 285 286 286 
0 0 0 0 0 40 0 17 27 27 287 
0 0 0 0 0 273 0 0 116 288 288 
46 46 91 110 110 81 46 24 289 126 126 
0 0 224 0 68 62 81 0 282 290 290 
0 0 0 0 0 0 0 262 29 291 291 
38 38 38 38 37 69 292 293 70 294 294 
0 0 0 0 0 40 54 63 111 295 295 
45 45 47 45 45 246 45 45 269 296 296 
0 0 0 0 0 0 0 267 0 297 297 
63 63 47 0 0 0 298 77 233 18 18 
99 21 0 0 40 99 148 87 197 202 202 
46 46 46 24 24 25 24 83 83 299 299 
300 300 300 300 300 300 300 300 140 301 301 
302 302 0 0 0 17 0 0 0 303 303 
45 45 45 266 45 45 267 29 267 154 304 
300 300 45 45 47 45 45 45 189 305 305 
0 0 60 0 68 133 306 192 44 18 18 
45 45 45 45 45 45 47 45 189 307 307 
45 45 45 45 45 45 45 45 151 233 233 
40 40 54 68 183 68 163 68 0 2 18 
0 0 0 0 0 40 0 0 0 308 308 
266 266 46 63 25 224 46 82 309 262 2 
0 0 0 0 34 266 99 72 310 262 153 
54 54 0 0 0 0 0 0 29 265 265 
0 0 0 0 311 0 267 136 267 231 231 
46 46 46 25 300 46 147 97 312 313 313 
46 46 46 46 24 24 46 46 210 305 305 
45 45 45 45 278 237 278 45 314 181 181 
0 0 0 0 0 0 0 136 2 315 315 
45 45 45 45 263 316 280 278 317 318 318 
319 319 0 21 0 21 0 0 0 320 320 
321 321 321 321 322 323 324 321 305 257 257 
0 0 0 0 54 34 0 85 325 326 326 
0 0 63 59 327 0 0 328 233 79 79 
329 329 330 331 332 333 332 332 334 335 335 
63 63 25 24 24 25 25 252 25 24 24 
0 0 0 0 0 0 0 0 17 215 215 
0 0 0 60 0 40 0 17 17 336 336 
0 0 68 54 0 0 63 17 29 328 328 
0 273 39 40 39 0 0 151 337 165 165 
0 0 54 0 0 31 0 0 0 338 338 
110 110 183 25 81 60 46 124 220 339 339 
0 0 0 0 164 164 164 292 233 159 159 
0 0 0 31 31 63 17 17 340 341 341 
142 142 142 142 0 142 0 142 2 342 342 
0 0 68 54 59 0 153 29 65 113 113 
45 45 45 45 45 45 45 45 307 343 343 
277 198 45 198 45 344 280 45 345 346 346 
54 54 54 31 34 40 63 136 144 84 347 
348 348 348 348 348 348 348 348 349 350 350 
45 45 45 45 45 45 45 270 351 352 352 
45 45 45 45 180 269 353 247 317 354 354 
45 45 45 45 269 47 45 346 49 355 355 
284 298 21 266 163 63 151 17 29 27 27 
45 45 45 45 45 263 356 55 204 357 357 
266 266 0 59 68 273 358 359 325 18 18 
0 46 46 46 46 46 46 21 125 360 360 
21 21 21 0 81 0 63 358 289 289 289 
97 63 46 46 46 46 0 46 262 361 361 
0 0 266 222 0 0 17 266 115 362 362 
46 46 46 91 91 363 46 46 46 364 364 
0 0 0 0 0 0 0 0 115 365 365 
46 46 46 24 24 366 24 24 116 252 252 
0 0 0 31 59 0 99 17 262 29 29 
0 0 0 0 0 40 0 0 29 367 367 
46 46 46 91 24 81 46 24 125 368 368 
321 321 300 300 369 369 370 321 305 371 371 
0 24 266 46 24 46 151 76 285 113 113 
0 0 0 0 21 17 0 0 372 373 373 
45 45 45 374 246 269 45 272 301 375 375 
376 376 376 376 376 376 376 376 376 376 376 
38 38 38 38 38 38 38 377 378 38 38 
379 379 46 91 24 379 46 46 380 254 381 
86 86 86 86 86 86 86 382 383 384 384 
0 0 0 0 0 0 0 0 262 385 385 
46 46 91 68 46 31 40 17 112 148 148 
45 45 45 278 45 344 374 45 318 357 357 
46 46 366 25 24 25 25 366 83 386 386 
0 0 54 0 0 0 0 0 33 387 387 
46 46 24 24 91 25 388 388 83 126 126 
0 0 0 0 0 0 0 0 85 389 390 
86 86 86 86 86 86 86 86 238 391 391 
46 46 46 24 46 25 388 97 97 97 392 
56 56 56 56 155 60 164 233 64 215 215 
0 0 320 31 31 21 0 287 233 393 393 
0 0 273 0 68 63 0 32 394 395 395 
45 45 45 45 45 374 45 396 280 397 397 
376 376 376 376 376 376 376 376 398 399 399 
45 45 278 374 45 45 45 356 49 400 400 
86 86 86 86 73 86 86 86 73 401 401 
0 0 302 0 0 40 0 76 285 17 17 
402 402 0 21 21 68 163 185 275 403 404 
0 0 40 405 0 0 0 148 406 288 288 
222 222 0 0 0 0 0 0 2 407 407 
132 132 132 408 132 132 132 132 132 132 132 
46 46 379 46 110 25 25 25 393 409 409 
379 46 46 91 163 224 46 167 261 260 410 
169 169 169 169 169 169 169 169 169 411 411 
198 198 180 224 278 268 246 263 280 357 357 
86 86 86 86 86 86 86 65 2 412 412 
0 0 54 338 224 17 159 159 2 325 325 
0 0 0 0 0 40 278 99 17 413 413 
0 0 273 99 266 0 163 71 317 414 415 
142 142 142 142 142 416 142 142 142 417 417 
40 40 68 0 0 54 21 298 185 33 418 
86 86 419 86 86 86 86 86 201 420 420 
0 266 379 99 99 164 0 97 202 421 421 
0 0 54 40 68 224 62 40 422 423 423 
0 0 34 0 405 163 21 137 153 113 424 
21 21 21 155 68 0 107 167 113 425 425 
74 74 74 74 74 74 74 75 426 401 401 
40 40 273 273 163 163 0 148 231 422 422 
163 163 21 0 0 0 63 0 113 29 427 
0 0 0 0 40 0 0 0 0 428 428 
266 266 0 0 0 224 405 0 151 159 159 
24 24 24 46 110 56 56 147 252 252 429 
31 31 0 0 0 0 65 44 154 430 430 
431 40 0 0 0 302 54 17 153 153 432 
142 142 142 142 142 142 142 142 142 433 433 
0 0 0 0 0 0 0 0 0 202 202 
68 91 46 46 46 46 46 17 215 429 429 
63 63 0 0 266 59 0 65 434 435 435 
21 0 40 0 0 0 17 148 436 437 438 
163 163 68 439 54 273 163 21 440 154 441 
31 31 0 34 0 40 0 163 163 442 442 
46 46 68 443 24 40 63 328 393 159 159 
74 74 74 74 74 74 74 74 74 74 74 
38 38 38 38 38 38 38 38 38 38 38 
31 31 0 0 263 246 0 21 204 444 444 
222 222 192 192 306 327 139 194 196 79 79 
405 0 0 273 31 0 0 159 196 150 445 
142 142 142 142 142 142 142 446 446 447 447 
46 46 46 46 46 91 379 213 144 448 448 
45 45 45 269 180 45 48 248 307 55 449 
46 46 91 24 379 46 24 83 448 450 450 
273 273 99 31 236 63 233 233 451 18 18 
431 0 68 0 59 224 63 113 223 452 452 
68 68 54 54 327 34 99 233 197 18 453 
405 60 273 0 0 454 338 27 325 65 65 
0 0 0 302 54 0 0 0 76 285 455 
379 379 46 46 46 46 46 116 116 87 184 
63 63 0 31 31 34 0 422 422 422 422 
38 38 38 456 456 39 38 38 70 457 457 
63 63 45 34 31 45 45 21 357 458 458 
431 431 0 0 0 0 0 0 0 459 459 
142 142 142 142 142 142 142 142 228 460 460 
40 40 63 63 164 63 0 63 64 441 441 
40 40 224 59 224 224 233 461 233 79 79 
56 56 163 56 56 56 56 31 159 413 413 
300 348 348 348 348 300 300 348 305 462 462 
46 46 46 46 46 321 25 46 252 463 463 
464 464 465 466 466 466 321 466 467 468 468 
142 142 142 142 142 142 142 142 142 469 469 
46 46 379 46 366 443 183 366 470 471 471 
59 266 0 40 266 0 0 144 472 115 242 
348 348 473 348 348 474 348 352 475 476 476 
0 0 0 40 0 0 151 152 79 477 477 
63 63 0 0 0 273 163 157 283 478 479 
99 99 0 0 0 273 0 480 54 481 481 
482 482 0 0 266 192 0 0 41 41 41 
266 266 374 0 31 34 31 65 21 483 483 
63 31 31 0 0 224 62 31 233 484 484 
180 180 45 31 31 45 45 45 21 21 21 
363 363 34 40 40 46 46 46 24 366 366 
25 25 379 46 25 46 46 46 46 363 363 
21 21 266 0 0 266 0 0 31 31 31 
68 68 45 45 374 45 40 40 163 263 198 
38 38 38 38 38 38 38 38 485 486 486 
91 91 24 91 366 46 366 91 364 150 487 
0 0 0 0 0 0 68 0 231 488 488 
0 0 273 40 34 0 0 159 115 29 444 
192 192 21 21 224 0 54 0 325 2 2 
0 0 0 31 489 490 59 60 422 52 2 
45 45 374 491 198 45 45 317 492 493 493 
0 0 99 344 0 0 35 484 79 494 494 
163 163 192 366 40 0 306 262 72 495 495 
0 0 0 0 0 0 0 0 2 496 496 
40 40 0 31 31 31 0 76 194 495 65 
497 497 497 497 497 497 497 497 498 499 499 
163 163 0 266 266 25 163 85 113 500 500 
266 266 21 0 0 0 0 0 501 502 502 
163 266 163 0 503 224 60 60 422 504 504 
163 163 45 45 45 45 45 346 346 261 261 
24 379 379 392 46 379 46 83 505 506 507 
45 45 99 47 268 316 316 200 424 262 262 
63 63 164 192 155 268 199 49 49 136 136 
0 0 99 0 0 0 508 151 79 509 509 
54 54 0 68 99 489 163 0 386 261 261 
266 266 405 0 273 34 99 0 261 510 510 
0 0 0 0 0 40 266 113 193 511 511 
46 46 59 46 46 91 266 46 487 512 512 
348 348 348 348 300 473 348 474 300 305 305 
86 86 86 86 513 86 237 514 515 516 516 
278 45 45 278 45 45 45 45 517 518 518 
376 376 376 376 376 376 376 376 376 519 519 
132 132 132 132 132 133 132 132 113 520 520 
0 0 0 0 0 34 0 32 365 444 444 
497 497 497 497 497 497 497 497 497 497 497 
132 132 132 132 132 132 132 132 29 521 521 
46 46 46 46 46 46 46 46 46 522 522 
0 0 0 0 0 99 0 85 0 444 523 
0 0 0 0 0 224 0 0 0 524 524 
45 45 45 45 45 45 45 45 153 525 525 
40 21 224 327 503 63 266 266 215 285 285 
46 46 46 46 46 46 379 46 46 526 526 
45 45 45 45 45 45 45 45 318 318 318 
527 527 99 0 0 21 21 163 153 2 2 
348 348 348 348 348 348 528 348 348 529 529 
0 0 99 0 21 0 0 21 21 530 530 
63 99 0 405 405 163 266 0 55 531 531 
0 0 0 0 0 0 0 328 328 328 113 
45 45 192 45 45 45 31 532 65 533 533 
0 0 68 0 99 224 266 113 534 535 536 
46 46 46 374 46 46 46 148 148 537 537 
46 46 46 46 46 46 46 46 126 538 538 
0 0 40 439 273 68 0 17 29 539 539 
46 46 46 46 40 46 46 0 220 540 540 
21 163 278 59 25 25 25 283 448 541 541 
0 0 0 0 0 0 0 231 428 542 543 
45 45 45 45 45 278 71 247 72 544 544 
63 63 490 155 99 59 327 545 226 511 511 
46 46 546 46 46 46 97 97 126 547 547 
74 74 73 74 0 74 266 267 2 548 548 
0 0 0 0 0 0 21 17 2 549 549 
46 46 46 46 46 46 46 46 126 550 550 
344 278 278 180 269 269 45 49 49 493 551 
31 34 34 46 21 366 25 44 406 275 275 
59 59 86 86 86 63 86 0 552 553 553 
554 554 74 74 74 554 74 75 555 556 556 
348 348 348 348 473 300 528 370 557 558 558 
68 54 99 99 327 0 0 559 337 560 560 
561 561 0 0 0 0 0 31 54 0 17 
63 63 266 561 561 327 99 115 41 17 562 
46 46 46 24 25 110 546 87 563 564 564 
99 99 0 21 21 21 0 85 76 85 76 
40 40 40 497 497 497 497 565 566 567 568 
21 21 21 163 68 344 132 132 215 569 569 
46 46 379 46 570 46 46 46 571 572 572 
46 46 46 56 56 573 56 56 116 487 289 
132 132 132 132 574 132 575 576 577 578 579 
40 40 0 0 0 40 573 535 507 422 422 
0 0 0 99 99 0 0 17 580 581 581 
0 0 68 0 40 0 0 327 185 582 582 
46 46 46 46 46 583 46 584 585 116 586 
0 0 0 0 68 224 0 85 29 223 587 
24 24 25 366 370 25 25 388 207 588 588 
266 266 56 54 56 21 56 231 395 589 589 
0 0 0 405 273 224 163 192 144 531 531 
132 132 132 132 132 132 132 132 250 590 590 
269 54 273 561 266 269 247 45 0 591 591 
46 46 24 24 46 366 25 252 83 126 126 
273 374 45 21 47 31 266 283 53 592 593 
405 405 0 0 0 266 405 0 153 366 366 
99 99 266 21 192 405 561 99 17 435 262 
0 0 0 0 0 0 0 0 54 503 594 
0 0 45 45 222 0 45 45 269 595 595 
45 45 45 45 47 263 45 353 596 597 597 
132 278 132 132 132 132 132 132 280 598 599 
266 266 0 63 327 327 405 600 85 262 262 
40 0 0 0 0 0 0 0 0 601 601 
348 348 348 348 374 348 348 47 353 305 533 
46 46 46 46 24 602 46 125 126 126 603 
99 0 266 63 490 34 0 85 422 17 17 
300 300 45 491 45 595 268 604 473 45 45 
0 0 68 0 266 31 0 0 144 605 605 
47 47 278 45 263 45 278 374 204 606 606 
45 45 45 269 269 180 345 353 204 281 607 
0 0 0 0 21 0 148 231 275 274 608 
45 45 45 45 45 31 17 285 29 609 609 
133 133 610 611 132 132 132 132 590 612 613 
0 46 266 40 379 46 46 215 115 614 614 
278 374 374 45 269 269 374 578 615 616 616 
0 0 0 405 0 0 298 152 152 244 244 
45 45 45 45 278 45 45 45 45 617 617 
273 273 0 40 0 40 511 422 256 618 618 
398 398 405 405 63 376 484 271 337 414 414 
366 40 224 62 327 24 266 99 0 52 619 
0 0 0 0 0 0 0 148 41 620 620 
132 132 132 132 132 132 132 132 621 622 622 
46 46 623 31 602 59 0 113 115 41 41 
45 45 45 0 573 246 544 557 79 299 299 
74 74 74 74 74 74 74 624 625 626 626 
0 0 62 0 0 0 0 0 273 68 68 
31 31 40 54 40 273 0 215 32 627 627 
628 629 630 631 632 633 634 635 636 637 638 
300 300 348 348 348 348 639 45 210 357 640 
63 63 0 0 47 0 148 21 196 191 191 
348 348 369 641 602 46 623 83 557 126 507 
99 99 68 0 60 266 0 0 85 437 437 
528 528 24 366 379 25 25 392 97 557 642 
45 45 224 327 278 45 45 21 167 536 536 
40 0 0 222 99 0 192 192 643 223 223 
0 0 0 0 0 0 0 644 231 645 645 
0 0 0 0 0 405 0 17 2 646 646 
0 0 0 21 647 236 21 295 195 648 648 
405 99 0 0 0 224 54 65 196 115 2 
473 473 46 24 91 25 388 97 23 522 289 
379 379 46 379 183 183 110 649 83 23 23 
0 0 0 40 561 63 113 200 650 275 340 
45 45 68 269 327 344 45 578 510 651 651 
0 0 54 224 273 224 34 422 648 337 559 
142 142 142 416 142 21 266 142 113 652 652 
0 0 0 63 63 503 266 643 115 430 653 
169 169 142 169 142 654 169 142 655 656 656 
45 45 45 45 45 198 45 45 657 658 658 
376 376 376 376 376 659 376 376 376 660 660 
68 68 0 0 0 0 661 21 0 662 662 
0 0 0 0 99 31 0 262 215 663 663 
0 0 311 0 0 0 0 0 664 662 665 
86 86 86 86 74 86 86 86 666 667 667 
0 0 662 0 0 0 0 0 0 668 669 
0 0 0 0 0 0 0 670 85 671 672 
132 132 132 132 132 132 132 132 673 674 674 
0 31 54 0 0 503 327 327 144 675 675 
45 45 45 374 198 198 45 269 45 596 676 
366 25 348 348 546 348 348 348 475 558 677 
31 227 602 602 602 348 348 348 280 678 678 
56 363 363 91 443 363 56 56 56 487 487 
679 679 0 0 0 680 0 0 125 580 580 
46 46 46 227 24 91 46 46 195 681 681 
527 527 0 405 273 68 0 0 153 64 262 
497 497 497 497 497 497 497 682 683 684 684 
0 0 0 0 561 164 163 21 618 685 685 
628 376 376 398 376 376 686 687 688 689 689 
0 0 0 0 0 0 434 0 663 444 444 
21 21 21 0 0 31 99 511 70 0 40 
0 0 0 0 0 0 690 691 692 113 113 
163 0 0 0 31 31 0 693 195 437 437 
298 298 0 0 0 68 694 0 99 679 695 
0 0 0 0 0 0 0 0 437 618 696 
46 46 46 46 46 602 46 46 126 697 697 
46 46 46 46 46 24 46 602 487 698 698 
348 348 348 45 278 300 348 270 607 699 699 
0 0 99 0 68 54 405 83 83 150 150 
0 0 0 0 21 40 405 511 115 422 221 
40 0 266 31 31 278 99 115 115 700 701 
702 702 0 0 703 266 0 298 0 0 0 
46 46 91 40 224 183 40 85 126 17 17 
405 405 0 0 0 0 0 0 580 704 704 
38 38 405 37 489 705 706 490 77 707 707 
602 602 46 46 46 46 46 46 282 708 708 
0 0 0 0 0 0 0 503 282 709 709 
0 0 68 68 0 0 164 77 282 675 202 
45 45 45 45 45 710 45 529 357 353 353 
46 46 379 649 388 546 46 380 711 712 712 
40 40 31 405 267 489 713 21 0 0 85 
0 0 0 405 405 714 21 136 670 675 675 
0 0 21 31 68 0 0 0 715 716 716 
46 46 649 46 366 24 392 487 147 487 487 
649 649 54 46 0 46 46 65 220 116 717 
327 327 0 0 266 266 0 0 0 0 0 
0 0 0 0 0 34 34 0 0 262 718 
0 0 0 0 0 40 21 60 53 719 720 
0 311 497 497 497 497 497 497 664 721 721 
647 647 21 163 163 164 489 163 83 359 359 
379 40 24 46 163 623 24 82 126 443 443 
21 21 21 21 722 266 31 31 31 273 273 
0 0 0 0 99 344 327 327 616 44 723 
724 724 0 327 0 40 0 0 0 725 725 
0 0 0 0 670 63 0 164 726 530 256 
45 45 528 45 45 45 45 45 45 727 727 
45 45 0 21 45 68 21 21 728 17 17 
0 0 0 21 21 0 0 0 320 729 729 
0 0 0 0 0 0 724 724 730 731 731 
0 31 31 0 0 0 273 273 732 733 733 
273 0 40 68 68 68 40 0 27 267 580 
45 45 45 45 45 45 45 45 45 734 734 
34 34 0 0 0 0 0 0 40 705 705 
713 236 31 0 0 31 0 0 31 31 31 
573 573 40 0 0 0 0 0 0 163 163 
21 21 21 0 0 21 0 0 21 489 735 
0 0 0 0 0 40 63 63 63 163 163 
0 0 68 40 0 0 215 136 736 737 737 
31 31 31 54 224 68 31 21 21 21 21 
649 649 363 46 46 46 34 68 413 240 240 
132 132 132 132 132 132 132 132 132 738 738 
332 74 73 332 332 332 332 74 74 739 740 
741 741 46 46 546 363 388 82 448 220 116 
45 45 224 45 374 647 726 374 285 742 742 
0 0 405 99 99 327 63 113 445 743 743 
142 142 142 744 227 142 142 142 213 745 745 
602 602 602 46 46 46 46 24 448 746 746 
0 0 21 192 236 198 164 192 484 709 709 
86 86 86 86 31 31 86 488 33 29 29 
300 300 47 491 269 316 47 657 357 305 305 
741 741 46 24 46 443 240 18 380 83 584 
45 45 45 45 491 491 264 475 747 275 341 
46 602 46 46 741 0 422 484 748 299 299 
46 46 46 46 443 91 46 150 150 749 749 
278 278 269 750 750 595 180 345 272 357 55 
45 45 45 45 45 45 45 528 45 751 752 
0 0 45 45 110 45 47 327 125 753 753 
754 754 38 38 38 38 38 38 38 755 756 
132 132 132 132 132 132 132 132 132 757 757 
363 363 81 81 443 649 758 639 522 759 759 
31 31 31 99 60 45 17 643 275 760 760 
0 0 0 679 0 0 761 762 763 29 29 
0 0 0 0 670 405 764 266 298 284 284 
0 0 0 163 163 21 192 422 394 149 149 
0 0 222 405 222 561 265 97 355 115 115 
0 0 0 21 327 59 164 194 194 508 151 
765 765 766 766 766 767 767 768 766 401 401 
40 40 31 405 31 31 0 356 196 769 769 
273 273 31 31 69 69 60 99 144 79 79 
649 649 46 46 68 46 46 487 770 289 771 
142 142 142 142 142 142 772 773 655 774 774 
0 0 0 0 0 0 0 0 775 776 273 
0 0 0 0 0 0 0 670 777 441 441 
63 99 266 0 99 63 328 266 295 387 778 
779 779 86 86 86 86 86 401 391 780 780 
348 348 348 348 348 348 348 475 516 781 781 
45 45 374 198 710 344 369 353 204 782 782 
25 192 192 21 163 722 192 192 25 144 152 
25 25 25 24 379 25 25 366 147 748 748 
366 366 366 649 649 25 623 585 305 23 512 
266 266 54 0 192 726 192 283 115 41 41 
68 68 21 21 783 705 21 0 437 202 256 
0 0 21 163 163 273 0 777 784 785 785 
45 45 45 0 302 63 306 292 51 65 65 
0 0 0 21 0 63 0 65 422 256 256 
0 31 0 0 99 99 670 786 787 788 789 
0 0 0 0 0 224 224 85 17 64 64 
561 63 0 224 0 327 62 783 790 153 153 
0 0 0 0 0 0 0 777 285 791 791 
86 86 86 86 86 86 238 204 401 785 785 
45 45 45 374 45 792 278 346 346 793 794 
132 132 132 133 133 132 132 132 795 796 796 
0 0 0 0 68 503 40 0 197 168 168 
142 142 142 142 142 142 142 142 797 798 799 
0 0 0 0 0 99 54 99 64 800 800 
0 0 0 302 222 0 0 580 428 801 801 
278 45 45 45 45 45 45 356 203 802 802 
0 0 0 0 0 0 670 76 422 445 445 
46 46 741 46 25 379 46 803 23 804 804 
762 762 0 0 0 0 0 670 777 805 805 
180 31 31 54 54 54 714 184 353 55 806 
0 0 0 405 327 0 192 0 662 807 807 
45 45 63 45 45 21 45 530 530 761 241 
0 0 0 0 0 0 0 0 311 808 808 
497 497 497 497 497 497 497 497 567 809 809 
278 713 63 99 670 86 31 763 285 288 288 
0 0 0 0 0 0 0 0 202 810 810 
0 0 0 0 405 31 600 587 777 668 668 
628 628 54 632 327 376 398 790 451 113 113 
0 0 40 40 31 0 0 274 341 159 811 
812 812 812 812 812 812 813 814 815 816 816 
46 46 46 46 46 46 46 46 748 817 817 
724 31 31 0 0 21 661 0 724 432 432 
46 46 46 818 24 741 818 819 289 487 820 
192 192 21 0 21 21 163 511 220 288 547 
0 0 99 0 0 0 0 0 821 822 822 
0 0 0 0 54 54 0 137 153 823 824 
374 45 63 825 47 273 45 45 244 826 826 
0 0 0 0 0 40 0 159 223 827 828 
142 142 142 142 142 142 142 829 142 830 830 
0 0 0 0 0 34 0 0 153 831 832 
46 46 25 25 46 25 388 25 147 820 820 
0 0 0 273 163 21 34 561 600 775 775 
0 762 0 0 0 0 0 777 777 833 833 
86 86 86 86 237 86 86 86 834 835 835 
0 0 0 31 21 163 405 17 41 836 836 
24 24 24 91 623 46 46 584 584 711 711 
45 45 45 45 45 45 45 47 837 204 204 
0 0 0 31 224 0 54 85 838 839 839 
45 45 45 45 47 45 45 45 45 840 841 
21 21 37 503 40 63 63 31 233 484 79 
224 273 46 46 46 24 546 46 602 602 602 
21 21 21 45 54 31 45 45 45 63 63 
561 561 68 54 40 40 99 184 115 202 165 
376 376 376 376 376 376 376 376 245 842 842 
843 843 843 45 264 180 374 844 845 846 846 
0 0 0 21 0 0 21 0 31 847 847 
86 86 86 86 513 848 849 86 850 851 851 
852 852 0 0 0 0 34 0 0 853 853 
0 0 0 0 54 0 0 2 221 27 27 
0 0 0 0 40 0 60 31 215 854 587 
0 0 99 0 163 183 0 221 584 153 855 
163 163 0 0 0 777 266 0 0 856 857 
0 0 298 40 0 99 0 422 853 858 858 
0 0 0 31 0 224 21 0 422 859 859 
0 0 405 0 439 0 0 113 29 860 860 
861 861 142 142 142 142 649 46 862 2 512 
348 348 348 348 348 348 348 348 528 300 300 
348 348 47 348 348 0 348 0 437 749 863 
217 74 73 74 73 74 74 426 864 865 865 
139 25 818 713 25 164 388 283 83 547 547 
300 300 369 316 45 837 374 317 517 449 449 
86 86 86 264 263 198 491 356 515 866 866 
0 0 0 0 31 706 163 422 113 867 867 
60 31 68 31 503 60 0 274 685 165 165 
0 0 266 561 405 0 0 422 365 115 115 
46 46 46 24 110 379 623 97 126 868 868 
0 0 0 0 761 0 148 0 41 869 869 
348 348 348 169 348 348 870 529 55 449 449 
45 374 31 31 21 224 107 195 2 871 871 
40 40 0 31 63 99 63 338 511 340 340 
872 872 0 0 0 34 54 777 76 873 873 
163 163 163 163 236 183 705 515 283 283 874 
0 0 0 68 68 21 366 164 387 875 875 
0 0 0 0 0 0 327 306 85 153 153 
724 0 0 0 99 40 21 21 41 801 801 
0 0 0 0 0 724 224 224 68 876 877 
0 45 45 47 792 180 45 45 878 879 879 
40 0 0 40 0 0 0 580 341 880 880 
21 21 192 192 192 192 561 484 233 233 233 
21 298 21 40 0 0 881 231 196 882 882 
40 40 266 852 31 34 735 726 451 883 165 
46 46 546 24 91 46 24 24 349 884 884 
266 266 0 21 21 21 192 223 84 885 885 
886 886 887 887 887 887 887 887 887 887 887 
45 45 843 45 47 300 45 201 305 305 305 
0 0 0 0 54 31 40 0 657 888 888 
0 0 54 163 40 224 530 136 488 29 29 
0 0 0 0 0 761 0 17 889 890 890 
0 0 99 0 0 0 0 672 2 891 891 
0 0 273 0 63 273 0 328 76 231 892 
561 561 45 59 266 266 45 0 685 685 197 
63 63 0 99 0 0 0 893 675 2 341 
0 0 0 0 34 894 265 508 79 18 18 
163 163 0 405 0 21 163 0 17 895 895 
