43 2 0.000000 224.297485
81.483070 199.764954 
88.492371 201.517273 
81.483070 192.755646 
95.501663 209.402725 
90.244690 210.278900 
103.387123 216.412033 
123.538849 221.669006 
95.501663 197.136459 
88.492371 193.631821 
113.024902 215.535858 
82.359230 210.278900 
100.758636 202.393433 
76.226097 188.374847 
134.928955 212.031219 
87.616203 185.746353 
117.405716 201.517273 
148.947556 214.659698 
99.882477 180.489380 
0.000000 0.000000 
110.396416 206.774246 
96.377823 220.792831 
103.387123 194.507980 
76.226097 176.108566 
113.024902 192.755646 
83.235397 224.297485 
89.368530 219.916672 
70.969124 165.594635 
93.749336 188.374847 
75.349937 218.164352 
167.346954 215.535858 
92.873177 204.145752 
75.349937 205.898087 
80.606911 184.870193 
121.786522 211.155060 
116.529556 171.727768 
93.749336 177.860901 
82.359230 171.727768 
84.987717 196.260300 
76.226097 196.260300 
141.062088 196.260300 
128.795822 196.260300 
100.758636 166.470795 
108.644096 223.421326 
