1645 11 0 1380
0 0 1 2 3 3 3 2 1 0 0 
0 0 4 5 6 7 7 6 5 8 8 
0 0 4 5 5 6 7 9 6 5 5 
0 0 4 4 5 5 9 10 10 3 6 
0 0 4 4 5 5 6 7 11 12 12 
1 1 4 4 13 5 2 7 14 15 15 
8 8 5 16 17 17 17 16 5 8 8 
18 18 19 19 20 20 21 22 23 24 24 
8 25 26 26 27 5 21 3 24 28 28 
0 18 19 20 13 29 16 17 11 24 24 
30 30 19 20 20 31 32 33 34 35 35 
19 19 36 16 17 11 17 16 36 19 19 
0 18 1 2 3 9 7 6 2 19 8 
18 8 27 5 5 2 3 11 37 28 28 
30 19 4 4 20 5 6 38 23 35 35 
0 39 39 40 41 42 43 44 45 46 46 
0 18 47 48 48 49 50 51 52 24 24 
8 8 4 20 20 5 2 3 24 53 53 
0 0 4 48 20 5 54 3 55 56 56 
18 18 8 8 20 13 54 6 11 12 57 
0 58 59 59 60 5 2 3 61 62 62 
58 58 4 59 63 64 65 66 45 12 12 
58 58 19 1 13 29 67 68 11 15 15 
58 26 19 1 63 13 16 69 70 12 71 
72 72 36 16 17 73 17 16 36 72 72 
0 0 4 20 5 54 7 10 10 74 74 
72 75 76 77 13 5 78 79 80 81 81 
0 0 76 5 6 9 7 6 2 82 82 
58 75 4 4 20 13 54 3 14 12 12 
0 0 4 5 65 83 9 9 84 85 85 
0 0 4 13 13 86 84 10 11 74 87 
58 72 4 20 13 86 6 7 11 80 71 
0 0 4 5 54 83 9 10 88 89 89 
0 58 76 5 5 86 7 10 11 90 90 
19 19 4 20 36 20 16 22 91 92 92 
0 0 4 5 5 83 93 10 11 74 74 
0 58 76 20 5 86 94 17 95 12 12 
72 72 4 4 5 5 96 97 98 99 99 
75 75 26 20 20 5 16 3 80 100 100 
101 101 4 5 86 83 102 9 84 85 77 
72 72 4 4 20 13 103 3 80 99 99 
0 72 4 20 13 29 94 17 11 98 98 
58 75 4 4 104 13 103 79 80 105 105 
72 72 4 48 77 13 106 94 107 28 12 
72 75 4 104 104 13 103 3 23 108 108 
109 109 4 77 110 96 103 38 107 81 111 
75 75 42 49 31 13 83 7 11 24 24 
82 82 112 112 112 113 114 115 17 71 71 
0 58 4 4 27 5 6 7 95 71 71 
116 116 117 117 42 49 54 118 79 119 119 
0 58 4 104 13 86 94 9 10 51 87 
120 120 4 49 49 5 115 7 11 12 57 
39 25 41 41 121 77 103 122 71 99 28 
0 0 59 42 85 121 123 3 45 45 45 
124 124 125 126 127 13 128 129 130 131 131 
132 132 58 125 125 60 133 134 135 131 131 
136 136 137 19 48 138 139 140 141 142 142 
25 25 4 20 13 5 54 84 11 56 56 
72 82 76 104 13 86 93 11 143 81 81 
58 58 4 104 144 86 6 79 14 12 12 
145 145 4 104 104 13 103 17 11 91 91 
72 72 19 20 104 146 86 33 79 147 147 
75 75 148 127 149 146 150 9 151 152 152 
153 153 154 155 156 5 157 158 23 159 159 
160 160 72 72 48 20 36 140 161 162 162 
72 18 47 163 164 165 2 158 52 166 166 
101 101 41 167 84 10 84 54 77 59 0 
0 101 4 5 6 9 84 93 167 4 8 
101 39 4 5 54 83 168 9 3 5 60 
0 58 1 77 165 29 3 9 70 80 57 
58 58 126 60 169 144 170 171 172 131 131 
0 0 1 54 22 79 10 6 5 8 72 
101 25 76 165 165 86 94 7 10 71 11 
145 58 4 104 104 86 2 3 173 71 174 
72 72 36 123 168 10 17 3 21 110 8 
0 58 76 5 6 7 175 6 86 4 77 
39 145 4 5 86 94 175 175 175 165 165 
136 136 47 19 165 29 176 177 178 140 33 
75 75 19 104 60 86 83 94 70 23 23 
109 179 59 59 180 144 65 93 181 174 174 
160 153 19 139 22 182 183 184 36 30 30 
136 30 47 19 138 185 186 177 187 141 141 
188 188 189 190 191 192 193 194 195 196 196 
72 72 36 16 17 73 197 176 146 180 180 
75 75 1 64 17 198 175 3 16 76 180 
199 199 48 5 54 6 175 200 200 201 201 
145 58 20 104 29 86 118 202 73 118 203 
204 0 110 110 205 86 94 202 206 14 23 
26 75 1 77 60 5 103 3 206 207 207 
208 208 31 16 17 206 209 16 36 19 210 
30 25 192 21 118 175 7 93 2 164 8 
116 116 4 54 83 83 209 7 84 104 149 
39 39 19 104 201 86 198 7 211 212 212 
30 213 214 20 180 146 16 215 177 141 187 
58 58 4 104 4 5 94 38 52 216 216 
137 137 36 33 158 217 217 218 36 219 219 
72 75 20 86 118 175 175 118 103 76 19 
101 101 156 13 220 221 175 9 84 2 110 
101 101 19 164 13 222 118 223 3 97 115 
0 0 156 13 149 13 54 223 17 224 224 
225 225 226 227 228 19 164 229 230 231 231 
153 19 191 21 217 217 158 33 36 232 232 
213 145 1 16 158 175 198 3 85 75 72 
30 153 192 20 139 114 6 233 234 184 184 
225 189 72 20 48 192 54 158 234 161 161 
39 39 235 236 236 104 237 238 239 240 240 
30 213 210 186 241 17 177 242 243 153 160 
120 155 1 123 200 244 175 202 103 4 8 
245 245 82 77 128 6 175 238 238 246 246 
247 247 19 1 5 5 248 249 234 250 250 
0 0 236 8 144 144 6 102 233 34 34 
101 101 251 8 252 60 253 6 239 224 224 
227 227 185 194 38 17 158 185 36 153 153 
153 153 19 21 118 254 175 94 165 145 145 
0 0 4 85 157 248 255 254 74 4 154 
0 58 4 256 50 86 257 84 7 50 60 
0 72 4 4 49 49 50 255 233 79 51 
101 101 258 8 259 156 260 238 261 216 262 
190 190 157 3 17 206 241 222 36 72 72 
58 58 126 121 263 263 175 84 134 41 41 
235 58 4 13 264 265 266 84 7 87 87 
0 39 126 4 267 267 257 255 84 172 68 
40 40 156 268 269 13 86 270 7 73 17 
271 271 85 66 3 198 3 2 1 0 0 
271 272 104 2 22 9 7 6 54 41 251 
58 58 4 5 83 273 274 275 68 85 110 
0 58 4 13 5 263 273 276 277 278 278 
0 0 235 41 60 279 263 129 134 280 280 
58 58 59 104 281 282 283 284 285 286 286 
8 104 5 257 287 73 7 103 36 145 72 
58 58 41 5 2 273 288 289 290 85 121 
58 82 76 5 96 291 84 9 84 292 292 
258 126 126 27 267 144 266 130 293 294 294 
75 145 82 82 282 5 123 79 11 295 295 
236 82 63 83 175 10 285 2 63 82 145 
258 258 4 5 84 7 296 84 123 4 236 
101 101 82 27 5 170 6 168 297 74 290 
101 101 82 267 269 13 298 299 297 300 300 
301 301 40 302 127 303 304 305 306 307 307 
199 82 60 157 84 7 68 2 1 258 251 
58 58 76 104 13 253 266 68 308 309 309 
310 310 311 312 313 314 315 316 317 318 318 
116 258 85 94 3 168 6 103 76 75 75 
101 58 76 85 6 275 175 94 5 82 75 
0 39 41 104 253 83 175 168 130 63 127 
101 101 4 13 5 123 84 7 10 90 90 
58 58 4 60 303 303 123 3 172 295 319 
235 19 320 321 224 322 322 237 1 72 72 
72 235 1 2 295 323 324 292 110 72 72 
0 0 59 85 54 273 325 294 90 26 75 
235 235 4 144 144 103 296 326 12 90 167 
145 145 4 156 144 5 6 14 80 327 327 
236 19 328 329 330 322 331 253 164 72 72 
145 82 76 50 88 323 70 261 85 145 145 
251 258 76 5 263 297 325 325 234 85 112 
145 72 4 121 253 265 296 326 324 216 74 
0 235 4 4 110 144 54 172 332 28 62 
75 75 19 8 156 144 54 79 80 333 333 
259 76 2 249 37 334 34 54 165 228 72 
145 145 165 5 257 335 70 233 27 228 72 
0 0 82 77 282 336 337 70 134 63 338 
0 251 41 110 267 263 292 295 61 339 339 
0 58 4 4 121 5 6 61 324 28 28 
82 82 4 104 110 5 103 239 340 341 341 
228 228 27 342 17 91 261 328 26 72 72 
116 120 76 85 291 337 7 292 85 75 75 
235 235 4 77 5 6 10 343 292 63 77 
0 0 126 110 121 264 6 323 344 74 345 
0 58 236 104 5 5 54 107 80 346 346 
25 25 1 110 13 29 54 7 80 53 81 
251 101 110 347 88 348 239 167 1 58 0 
101 251 41 60 167 275 349 87 85 82 145 
58 58 236 76 282 336 173 295 295 27 350 
0 0 76 110 49 50 88 11 324 87 351 
101 58 41 4 352 237 27 239 353 354 354 
228 228 19 4 48 77 85 262 12 100 100 
101 72 77 336 68 11 69 282 104 235 145 
251 251 76 42 103 293 295 309 355 40 356 
0 251 4 76 5 118 7 143 88 89 357 
101 0 76 110 63 144 3 173 11 90 358 
72 72 4 104 156 27 50 79 332 359 359 
0 72 76 167 69 57 7 347 155 72 72 
0 0 4 63 74 11 14 84 85 26 40 
0 235 76 1 237 321 173 11 62 89 41 
0 0 76 77 110 5 38 14 360 361 361 
72 72 4 20 49 5 97 71 143 100 100 
75 75 19 4 20 27 362 239 363 364 364 
75 75 26 167 79 57 69 54 27 145 145 
0 58 76 27 74 293 37 84 229 82 82 
0 235 41 110 2 365 95 14 45 89 366 
72 72 76 110 165 5 94 23 80 367 367 
72 75 19 104 104 5 103 79 80 99 99 
72 72 19 342 368 368 79 54 85 82 75 
72 72 76 362 333 143 37 369 176 76 19 
235 8 4 5 362 254 143 143 107 370 370 
72 235 76 20 264 103 3 348 98 28 28 
75 75 4 104 104 5 371 79 80 100 372 
72 72 20 29 373 374 73 6 85 19 72 
72 72 76 5 174 11 173 3 347 1 59 
72 235 4 85 362 94 375 376 173 377 377 
72 72 19 36 5 2 3 98 378 379 379 
72 72 146 16 380 381 10 178 2 104 8 
72 72 4 5 97 382 383 17 237 104 8 
0 58 4 110 96 83 285 95 384 328 60 
72 72 4 104 260 260 285 95 385 386 386 
72 72 4 104 110 5 371 52 143 91 91 
75 75 4 104 104 5 2 3 387 105 372 
0 72 1 328 384 143 17 16 328 235 72 
72 145 4 165 33 10 206 388 146 72 72 
72 72 19 281 21 83 389 206 176 390 390 
0 72 19 110 13 5 118 391 391 329 328 
0 58 4 104 5 63 74 309 11 80 98 
72 72 19 192 20 29 371 6 80 392 392 
101 72 19 328 161 393 388 176 191 72 72 
189 101 19 155 51 394 17 16 192 72 72 
101 72 26 395 16 396 391 397 233 243 272 
72 72 19 20 260 398 118 95 95 231 218 
72 72 19 164 156 164 399 369 392 379 378 
75 19 72 48 191 31 400 400 378 53 53 
153 72 164 185 331 401 388 186 31 72 72 
153 72 19 146 118 394 9 402 36 72 72 
18 145 19 36 103 396 389 391 97 48 72 
30 30 4 104 260 29 17 403 404 405 405 
72 235 4 104 5 355 97 95 406 407 407 
72 72 47 48 165 165 157 158 332 408 408 
72 72 1 409 388 401 410 409 36 72 30 
72 72 36 16 38 10 10 88 36 75 72 
72 72 156 106 222 411 412 413 233 165 4 
72 72 20 155 13 86 394 383 360 248 414 
72 72 19 20 156 260 16 177 406 53 28 
72 72 243 16 158 415 416 398 243 72 72 
72 72 4 5 5 398 285 80 332 417 417 
0 75 1 238 333 333 322 2 76 72 235 
0 72 19 20 398 78 11 413 173 362 36 
72 72 76 110 103 150 413 143 107 328 1 
72 145 76 253 96 54 202 37 143 161 379 
25 418 1 419 268 104 420 74 421 422 422 
72 19 36 347 330 376 423 33 36 72 72 
72 72 19 165 97 70 95 176 36 228 72 
0 58 236 104 5 371 323 406 134 1 1 
0 0 19 419 165 260 97 326 55 424 424 
228 228 154 48 164 31 32 425 426 162 427 
72 72 36 248 177 37 183 405 243 72 72 
0 145 76 77 104 264 6 11 23 74 229 
258 236 4 104 104 13 371 7 421 80 428 
72 58 59 1 85 283 80 349 224 60 20 
0 58 4 357 260 13 264 296 11 363 429 
0 58 4 104 83 181 397 88 60 145 145 
145 145 4 85 371 283 389 71 358 4 236 
72 145 76 36 281 5 3 37 80 162 2 
72 72 19 362 38 173 373 400 19 72 72 
72 72 4 260 86 411 168 11 234 26 164 
0 58 4 104 110 21 421 143 407 361 430 
72 72 76 5 239 404 14 87 250 75 145 
72 72 104 13 21 365 412 326 422 26 26 
0 72 4 27 282 253 38 143 367 431 431 
236 258 77 253 239 432 326 95 365 4 258 
235 235 76 63 371 233 360 326 74 1 109 
72 72 4 60 264 103 261 143 12 417 417 
58 58 4 282 54 88 349 14 262 377 76 
72 72 4 4 110 5 336 61 80 105 363 
72 75 4 104 104 5 54 239 80 367 433 
235 75 76 229 340 55 223 329 1 235 235 
0 58 4 85 263 257 434 55 66 1 1 
72 72 4 4 110 5 336 349 332 100 372 
235 235 4 282 97 323 37 118 5 104 8 
145 72 4 4 110 264 150 435 11 262 262 
58 58 19 1 13 5 103 285 14 436 436 
0 101 26 155 281 396 173 295 97 1 1 
72 145 19 4 148 259 78 437 100 100 408 
179 179 82 82 252 104 50 358 360 28 28 
145 82 4 110 156 256 345 70 23 80 143 
101 145 19 438 331 173 11 2 19 72 72 
138 36 32 439 440 441 441 33 185 30 204 
40 48 77 67 123 83 274 277 278 442 442 
443 443 41 42 63 170 444 445 446 89 42 
39 39 59 447 127 303 123 445 280 448 448 
449 449 59 8 447 450 123 6 84 280 280 
301 301 312 313 447 451 170 171 172 452 452 
251 258 60 21 94 84 6 106 76 25 449 
453 453 76 454 129 444 444 336 455 302 301 
456 456 236 76 5 123 123 444 263 42 42 
39 39 39 40 127 5 444 445 305 457 457 
188 18 25 8 259 5 50 255 84 458 458 
459 459 460 461 462 463 464 465 466 467 467 
447 447 43 78 69 200 270 468 450 82 447 
312 447 454 304 129 469 470 471 305 302 302 
101 101 59 110 260 54 444 472 6 89 49 
101 101 462 104 282 304 266 469 255 307 278 
443 443 39 236 462 463 464 129 280 306 466 
473 473 301 474 474 474 475 134 134 452 452 
312 82 454 476 469 477 296 478 304 479 479 
474 235 462 454 123 477 480 469 465 279 481 
245 58 76 63 123 336 255 482 482 483 483 
449 449 126 463 303 465 129 469 482 336 336 
101 58 76 104 463 269 54 266 275 69 68 
58 58 125 236 77 237 123 6 484 174 174 
474 311 485 465 469 486 477 466 487 474 488 
443 489 4 454 465 266 490 490 464 491 491 
116 116 26 85 54 472 254 472 197 89 89 
460 443 41 463 60 2 6 490 482 280 446 
101 101 75 185 77 2 222 288 10 172 349 
449 449 474 474 492 493 494 66 495 496 496 
489 489 5 86 118 118 497 3 2 145 498 
499 499 82 5 6 490 500 94 157 42 501 
101 30 4 165 103 94 472 500 118 89 27 
449 449 461 42 63 2 83 490 502 336 336 
503 503 82 19 76 2 238 118 69 118 118 
504 504 72 236 259 104 32 16 388 421 38 
120 145 85 222 502 102 254 505 201 259 251 
506 506 463 64 123 490 490 482 465 493 121 
507 507 474 462 63 465 490 490 238 85 63 
101 101 25 76 165 260 16 490 502 74 74 
225 225 58 228 77 13 237 16 94 508 508 
507 145 235 509 510 237 2 3 79 71 71 
160 145 85 511 94 254 198 21 31 164 512 
507 504 76 106 94 490 490 86 2 76 77 
101 101 76 338 2 94 93 500 500 85 5 
116 116 82 77 513 222 505 500 502 118 115 
213 213 41 180 237 67 490 198 198 477 477 
58 58 235 59 514 515 516 517 518 519 519 
0 235 464 94 517 520 520 490 64 515 515 
521 521 251 20 16 103 522 522 5 82 82 
523 523 524 192 362 176 176 472 255 89 282 
101 251 47 155 29 522 94 500 520 94 94 
521 521 258 72 191 191 16 511 249 234 525 
503 145 25 8 252 20 253 22 526 527 527 
528 528 19 21 215 217 118 16 193 529 529 
101 101 259 165 29 222 530 531 531 29 165 
188 188 25 19 419 146 16 530 215 16 16 
101 18 19 138 532 31 222 531 533 33 33 
58 58 19 104 104 13 21 284 10 534 534 
535 535 536 537 538 539 539 176 139 540 540 
0 58 1 64 86 500 490 16 260 419 272 
247 247 19 138 32 222 530 530 176 192 31 
247 247 72 19 532 21 16 16 16 328 328 
247 225 72 540 532 532 185 176 176 541 541 
0 0 0 235 8 510 328 508 542 543 543 
544 544 545 546 182 182 547 548 193 535 535 
549 549 4 260 371 472 522 16 36 550 550 
247 247 19 104 106 16 16 16 2 76 76 
551 551 8 419 13 2 552 553 554 328 328 
555 555 556 191 532 557 439 558 559 541 541 
145 145 560 259 561 77 562 54 563 564 564 
565 566 567 568 569 570 569 571 572 573 573 
153 153 36 106 157 574 574 559 36 190 72 
247 204 19 362 362 103 472 472 472 165 561 
101 101 4 20 5 103 103 472 553 103 13 
245 245 19 19 1 260 253 86 575 554 554 
72 72 576 19 577 577 578 558 579 580 580 
581 581 362 234 425 582 582 321 36 528 528 
235 58 104 170 123 500 583 583 121 8 584 
504 145 4 85 263 54 472 472 54 4 252 
0 0 4 48 49 86 16 553 84 54 54 
0 0 258 4 463 5 123 44 585 586 586 
251 251 251 8 252 20 27 157 3 527 587 
208 540 260 588 177 177 531 21 32 219 208 
258 228 4 5 103 472 472 50 85 145 101 
459 459 82 42 5 123 54 472 589 41 4 
39 58 82 463 451 269 583 583 590 167 454 
301 301 447 462 127 121 263 591 590 592 592 
593 593 463 594 127 595 316 596 130 597 597 
550 550 5 103 273 533 533 22 328 153 247 
598 598 4 165 472 472 574 589 85 599 599 
101 58 462 463 464 123 583 583 336 85 127 
101 0 236 4 463 265 123 472 590 586 600 
601 601 40 40 451 121 123 170 590 602 602 
235 235 447 594 603 451 123 604 605 606 606 
8 75 76 77 253 103 78 79 14 28 53 
30 30 19 8 20 607 21 22 23 608 608 
75 75 75 104 165 54 103 3 71 28 609 
145 145 8 252 180 260 2 158 23 159 159 
125 125 463 603 121 610 465 518 611 612 612 
116 116 258 156 156 49 54 97 23 98 24 
75 75 110 127 613 5 123 175 55 614 614 
18 72 47 48 615 49 50 51 616 107 107 
75 75 19 8 104 13 617 84 618 408 99 
58 58 19 180 77 29 2 3 107 367 332 
58 58 76 27 85 617 94 69 332 81 81 
101 101 4 5 123 6 168 7 84 63 63 
75 58 236 104 20 13 86 22 11 619 619 
0 58 4 463 110 86 583 7 421 14 14 
75 75 419 29 13 64 78 403 143 408 99 
58 58 19 19 104 260 103 254 70 62 12 
101 101 41 620 88 70 71 621 85 75 72 
101 598 4 595 167 71 10 173 74 462 259 
72 72 4 27 5 22 413 37 233 103 5 
0 0 19 110 5 5 6 95 326 107 527 
0 58 622 622 623 2 94 70 332 100 100 
101 145 4 624 625 10 11 554 626 8 627 
101 101 622 623 97 383 95 79 628 622 259 
0 0 622 76 106 94 285 95 421 629 36 
0 58 622 623 630 103 94 376 98 631 631 
75 75 622 104 104 13 103 632 633 634 634 
101 153 8 635 563 11 636 16 36 19 75 
504 504 19 164 637 173 638 639 640 19 641 
72 72 622 256 86 582 642 638 384 628 623 
0 0 19 1 630 321 639 643 37 644 644 
72 82 622 104 104 146 16 79 406 645 645 
75 75 622 110 110 104 103 646 634 92 92 
647 647 529 390 158 648 643 16 36 649 649 
647 72 650 281 646 651 652 388 626 653 653 
0 0 4 5 103 500 285 654 655 656 657 
0 72 19 77 658 16 388 643 95 659 660 
153 58 622 77 260 237 661 285 143 662 662 
72 72 622 4 20 260 103 663 664 665 665 
647 72 243 578 666 403 648 667 192 668 668 
0 72 1 260 3 206 669 3 328 19 75 
72 72 20 362 103 670 73 671 78 630 672 
72 72 19 673 578 674 661 643 638 675 675 
0 58 676 110 677 5 83 678 143 679 679 
680 680 19 20 192 5 681 682 98 683 683 
668 684 685 686 666 687 688 689 690 668 72 
72 72 691 21 17 669 102 233 626 680 228 
72 72 20 362 115 531 692 73 233 395 673 
72 72 19 691 681 21 693 643 98 663 660 
72 72 676 20 630 617 78 694 695 367 367 
72 72 622 164 20 36 229 696 91 108 108 
697 697 698 699 700 701 702 703 704 697 697 
72 72 104 705 17 669 669 706 362 680 680 
72 72 20 705 16 530 669 643 255 623 623 
72 72 164 260 260 553 707 708 374 646 709 
72 72 622 104 104 13 371 526 98 28 24 
75 75 622 104 13 630 103 710 363 711 711 
668 712 690 713 687 687 666 714 715 712 668 
72 235 623 103 17 638 389 3 626 641 72 
72 641 4 705 86 93 389 669 22 626 623 
72 72 4 165 5 86 285 11 11 716 716 
72 72 4 104 260 96 94 717 107 28 718 
72 668 36 541 719 719 666 720 243 684 647 
251 641 4 705 6 9 73 84 85 252 251 
0 235 4 5 721 175 10 722 723 724 724 
72 641 4 104 5 725 6 717 143 372 372 
75 75 622 104 260 260 726 224 727 372 372 
649 649 626 554 37 651 639 728 729 647 647 
235 145 4 64 3 9 69 497 85 145 145 
0 58 622 5 54 6 296 70 508 676 4 
235 235 4 104 5 730 731 70 80 28 732 
235 75 622 4 104 730 54 632 633 62 62 
75 19 623 675 717 95 329 677 8 647 647 
58 75 76 5 84 10 733 336 734 145 735 
0 0 4 5 736 255 349 434 74 338 737 
738 738 4 256 303 86 739 70 61 740 740 
641 75 622 110 741 742 54 743 744 81 111 
627 627 626 553 717 382 663 165 4 101 101 
235 58 76 589 745 10 434 292 89 746 747 
738 58 4 748 749 750 337 337 280 751 751 
738 235 4 752 5 736 753 349 754 457 457 
0 58 622 752 755 96 756 285 143 332 332 
72 641 622 104 281 757 758 759 760 367 760 
761 641 5 298 9 434 292 5 41 761 738 
738 761 41 167 604 337 762 336 455 737 145 
763 763 4 764 355 292 275 765 305 766 766 
761 761 622 110 144 617 497 11 767 354 768 
761 761 622 752 613 256 123 597 332 769 769 
236 641 63 770 70 771 88 355 77 82 258 
763 763 462 167 772 172 762 773 774 491 461 
738 738 603 493 304 266 762 762 775 85 463 
738 738 622 1 5 736 776 771 777 778 778 
251 145 4 259 268 623 721 779 780 367 781 
145 75 4 4 110 5 103 3 15 782 782 
738 58 783 784 307 785 452 786 514 58 738 
301 763 491 454 336 605 349 480 464 41 41 
738 738 236 463 748 621 787 788 88 85 42 
0 58 622 4 110 789 54 790 80 12 12 
58 58 4 622 4 5 362 74 791 100 372 
82 75 792 621 762 771 771 793 110 236 235 
763 763 462 85 123 605 70 605 794 462 82 
0 0 4 676 5 74 293 349 795 85 85 
738 738 462 63 63 170 68 434 771 796 796 
0 58 622 76 752 5 731 717 360 797 797 
72 75 622 104 752 5 103 632 798 797 797 
684 529 320 321 388 799 241 186 626 680 72 
0 0 524 5 559 255 255 97 85 680 30 
551 0 641 76 5 721 472 277 280 491 737 
30 30 650 13 13 103 254 175 177 233 706 
204 251 117 252 20 49 681 410 254 587 663 
225 800 801 802 802 156 742 21 663 803 803 
243 243 328 666 669 206 200 552 628 668 668 
627 627 673 5 103 254 254 254 255 110 156 
145 550 4 730 730 86 175 175 84 44 44 
738 738 461 4 127 451 54 490 238 804 804 
25 25 76 419 451 13 170 94 805 806 806 
650 19 660 38 692 17 642 575 640 18 647 
251 25 741 552 472 175 275 297 362 236 735 
507 763 474 463 5 721 482 305 466 338 41 
738 763 462 451 451 304 336 288 288 508 44 
247 0 228 48 48 741 705 554 807 808 808 
801 801 641 259 8 104 809 667 675 240 240 
47 4 103 502 206 95 669 425 681 801 801 
120 120 752 2 6 750 275 88 464 761 460 
101 101 622 741 5 682 254 6 87 792 77 
598 598 236 623 121 736 266 289 296 457 457 
72 59 510 180 13 144 794 3 810 239 519 
39 39 622 8 104 789 291 6 811 421 812 
560 560 5 84 70 17 527 2 629 179 504 
310 310 124 514 493 736 288 135 496 813 813 
504 145 76 734 730 731 745 7 605 87 85 
549 814 815 746 156 243 85 261 564 816 816 
120 251 475 6 168 10 79 585 59 58 738 
101 101 41 42 253 617 750 7 787 345 345 
735 301 82 156 264 730 129 68 70 817 817 
761 761 447 463 789 144 818 266 79 61 61 
735 75 620 465 750 10 288 628 603 738 738 
763 39 474 463 303 128 288 819 306 318 592 
801 30 622 49 49 725 254 69 788 798 798 
75 75 622 462 127 595 820 175 806 614 614 
58 235 27 731 296 296 175 821 450 145 601 
738 738 59 493 794 265 480 765 306 491 127 
763 738 124 462 463 169 123 306 297 822 822 
228 815 47 192 48 742 823 51 52 216 216 
58 58 640 472 7 168 88 736 676 47 258 
506 763 76 89 171 632 824 6 5 598 599 
738 145 4 5 726 298 7 825 294 278 455 
738 763 622 463 85 170 773 826 9 88 753 
738 58 622 77 144 2 444 130 827 771 828 
145 58 641 20 77 705 97 7 349 777 777 
251 82 809 222 197 829 7 150 50 165 49 
72 560 462 63 170 411 389 168 7 602 602 
30 641 622 85 5 675 202 206 404 56 56 
0 58 19 561 630 78 675 285 95 433 433 
763 58 622 650 259 623 830 3 831 760 831 
101 18 691 575 526 73 70 22 2 19 19 
0 0 258 85 260 83 832 102 88 589 640 
145 145 82 164 260 86 175 636 95 71 174 
833 833 125 474 834 835 465 836 837 838 838 
72 641 626 157 175 11 9 582 328 320 210 
0 763 4 626 793 79 168 288 2 419 419 
0 0 47 36 21 522 389 811 285 808 809 
504 18 19 673 674 103 531 177 638 803 525 
735 598 622 630 63 552 3 717 70 839 839 
58 58 75 59 76 748 253 583 466 61 61 
153 179 36 103 51 17 688 554 36 219 219 
814 504 1 658 3 288 202 22 328 19 529 
251 251 47 139 118 840 391 841 642 218 185 
30 189 577 673 138 31 425 178 187 34 34 
109 109 712 419 146 398 809 21 34 415 98 
30 213 557 842 158 177 217 241 715 668 208 
160 697 691 395 843 177 182 531 185 712 540 
188 18 163 138 558 574 177 177 194 165 155 
800 800 622 259 180 809 693 217 810 541 242 
75 25 764 532 705 736 490 811 638 632 421 
72 72 561 155 180 165 157 182 173 760 760 
160 697 844 588 533 217 217 176 720 697 160 
647 647 607 705 22 202 198 533 193 561 48 
101 101 156 13 705 411 254 198 582 5 5 
189 189 155 20 146 726 176 177 177 525 541 
30 30 258 228 154 192 705 554 525 580 580 
160 160 668 138 138 192 809 241 34 162 162 
208 535 557 578 539 217 209 176 578 535 30 
101 101 259 165 705 83 472 533 554 414 400 
226 226 154 49 192 146 845 177 177 675 218 
226 226 47 19 138 20 559 177 233 187 807 
504 504 19 163 164 165 846 675 847 848 848 
668 712 320 321 331 322 322 399 685 801 801 
738 738 4 144 730 371 297 349 332 278 50 
0 738 622 603 752 144 617 773 798 111 327 
738 641 76 5 736 824 337 762 606 89 746 
738 738 4 463 85 114 88 827 785 458 458 
58 58 4 4 77 463 2 466 174 849 849 
738 763 82 76 282 736 337 319 775 338 338 
58 58 622 461 267 607 279 850 56 81 81 
258 598 85 342 175 99 632 626 214 258 227 
763 763 462 794 336 750 168 773 740 481 481 
738 738 4 462 766 355 150 762 785 778 345 
58 58 1 77 77 789 128 739 172 791 664 
763 763 121 590 745 754 437 794 338 58 738 
763 763 622 76 620 336 811 295 61 786 350 
801 258 76 676 730 756 88 11 61 261 74 
0 58 19 165 352 720 830 368 326 354 354 
598 680 19 622 561 63 157 52 332 100 769 
738 72 63 6 171 70 597 620 629 82 58 
738 738 622 63 282 203 762 11 812 89 357 
504 58 76 622 752 27 97 71 332 744 24 
58 58 59 104 60 630 149 517 643 851 851 
0 550 338 586 745 57 762 640 635 761 761 
738 58 462 63 515 490 70 852 495 740 455 
0 504 622 76 630 5 790 383 406 791 174 
58 58 58 59 492 63 2 239 831 791 791 
58 680 19 630 853 237 21 710 107 392 645 
504 504 676 758 745 57 632 730 164 641 235 
145 145 19 623 165 830 799 643 406 428 380 
58 58 59 126 514 515 67 517 854 855 855 
72 72 4 774 368 173 224 731 282 622 641 
0 0 252 691 663 839 375 526 575 19 641 
72 72 1 630 630 505 799 348 37 423 679 
30 189 19 690 532 31 222 426 401 91 91 
72 72 138 31 373 708 608 563 139 712 228 
145 145 4 110 726 222 403 404 688 390 390 
189 189 36 36 146 96 217 643 654 700 702 
72 72 19 47 165 146 21 17 856 426 426 
0 0 19 104 578 726 692 671 388 690 146 
136 697 137 577 536 686 186 688 701 541 242 
697 697 137 19 19 556 193 541 35 857 857 
72 647 630 660 527 91 177 203 690 684 684 
101 145 154 752 255 102 799 329 630 550 550 
160 160 712 31 578 398 217 217 176 703 656 
153 801 641 650 146 578 530 810 638 328 320 
72 72 19 191 77 728 329 644 23 619 619 
153 153 30 576 712 858 106 675 52 859 859 
697 680 715 242 34 401 666 689 185 697 697 
160 18 556 138 31 398 241 616 52 229 715 
101 72 698 650 1 31 681 369 839 423 700 
576 576 576 712 138 138 557 703 161 860 860 
668 668 214 720 702 688 217 655 685 72 647 
72 72 164 578 547 9 10 402 139 210 581 
815 815 650 156 730 721 693 648 95 405 328 
235 58 126 27 121 756 263 308 406 796 417 
627 627 258 4 607 742 253 22 421 333 861 
72 72 844 32 666 415 217 689 320 72 72 
189 145 156 741 103 411 412 10 248 4 4 
0 641 741 677 269 721 391 391 638 167 371 
145 145 20 730 730 730 575 391 376 28 28 
4 4 742 267 613 113 50 606 732 862 862 
72 649 557 78 651 415 416 328 704 815 153 
0 58 4 110 730 721 284 11 143 97 97 
863 863 4 603 267 121 864 497 865 174 174 
0 815 676 362 84 717 3 362 36 72 647 
443 101 4 5 866 7 168 84 794 4 40 
101 101 4 13 2 118 168 10 84 748 144 
0 0 622 623 789 371 254 173 11 74 74 
0 58 622 104 789 103 94 70 14 791 28 
153 72 691 260 285 73 7 16 623 72 72 
867 867 76 13 97 102 7 6 2 82 75 
101 0 622 623 868 869 870 10 84 5 752 
101 72 622 104 20 705 16 717 11 12 12 
72 72 729 658 17 73 7 16 626 641 72 
0 0 622 104 29 705 693 643 376 632 51 
0 58 622 104 104 677 16 17 95 80 871 
72 649 673 185 224 872 872 16 626 72 641 
0 0 4 5 3 7 73 805 371 26 47 
101 58 4 5 522 582 669 669 84 85 256 
801 72 622 20 868 726 693 636 873 74 54 
18 18 622 4 20 741 2 525 664 665 797 
72 684 320 809 719 642 17 16 626 19 641 
0 75 76 103 3 9 7 3 2 82 641 
0 58 622 623 726 726 530 669 173 646 675 
72 72 19 630 578 54 661 719 874 760 871 
72 19 626 409 401 875 688 176 626 19 668 
72 30 622 20 5 103 94 173 695 876 876 
641 641 258 104 156 626 2 38 877 436 619 
75 75 622 104 20 165 878 710 879 645 645 
72 72 36 16 17 651 687 242 715 684 72 
72 72 622 20 13 86 94 717 880 12 718 
72 72 36 16 17 643 17 720 881 153 647 
72 72 4 104 13 725 255 70 880 28 28 
72 72 626 16 17 872 17 658 729 72 647 
0 0 622 5 86 500 9 296 563 27 4 
0 58 76 64 6 10 168 731 85 258 761 
641 19 626 16 872 872 79 362 156 627 145 
0 58 622 104 755 730 756 7 880 791 174 
641 19 626 94 17 10 717 362 85 680 75 
761 145 676 54 632 7 7 497 774 82 82 
738 738 4 85 621 292 70 10 745 455 42 
641 236 2 3 70 57 70 342 629 59 641 
738 761 63 54 172 9 9 745 336 4 236 
101 738 4 85 736 773 296 10 466 455 42 
761 641 5 6 70 11 70 103 626 19 235 
763 763 76 253 171 7 7 84 794 622 761 
0 58 622 4 13 789 736 7 11 12 12 
0 763 622 85 2 6 10 7 605 85 110 
101 738 622 676 789 54 69 10 11 46 632 
668 712 640 558 202 73 719 33 328 72 72 
101 101 4 5 97 168 824 773 355 593 593 
0 0 622 752 144 725 83 717 11 28 28 
72 641 623 16 17 872 202 552 640 58 0 
738 738 454 64 490 10 882 745 464 82 863 
738 58 462 5 730 736 7 10 70 883 883 
0 0 622 104 110 5 371 7 11 12 71 
641 622 2 94 7 383 872 203 27 641 761 
738 738 752 54 171 9 827 288 774 481 884 
0 738 4 5 103 83 7 885 88 886 887 
0 58 622 104 110 725 731 888 11 12 12 
889 889 622 104 463 789 890 74 14 891 891 
236 622 2 553 872 892 669 171 2 641 251 
763 598 76 794 171 296 7 6 774 82 893 
101 251 622 5 628 93 175 894 88 89 895 
680 680 641 20 165 5 705 632 896 897 897 
251 82 2 94 669 872 717 790 868 82 145 
101 763 76 5 171 10 168 84 446 4 898 
101 58 622 4 752 5 94 71 14 899 899 
101 145 5 522 9 11 10 505 626 622 641 
0 235 5 94 69 70 102 371 626 75 235 
0 235 629 621 900 892 202 94 2 641 641 
0 251 691 626 371 661 102 829 733 794 5 
680 75 622 104 104 13 726 3 901 100 372 
815 680 626 902 17 872 223 16 36 72 72 
101 101 622 253 86 500 669 391 10 629 27 
153 153 858 903 102 872 73 16 626 72 72 
101 72 4 260 674 530 102 872 17 705 165 
72 72 622 20 31 146 16 636 880 91 871 
668 668 185 546 872 904 669 574 139 712 712 
735 251 1 868 6 102 905 3 2 76 641 
0 0 4 623 869 661 207 643 84 626 626 
0 58 622 623 260 552 639 669 695 527 587 
72 72 19 20 260 398 16 285 906 662 907 
72 72 622 110 253 13 106 238 107 791 332 
72 712 690 670 904 73 202 176 908 712 668 
204 72 4 103 731 869 73 669 636 741 630 
145 72 622 5 705 16 254 870 669 628 16 
72 72 19 19 36 908 681 38 877 909 909 
684 684 36 808 719 872 648 16 36 684 684 
801 72 622 104 165 725 511 643 14 899 899 
641 641 20 20 607 858 910 158 911 912 912 
668 712 908 588 652 401 669 176 908 684 684 
72 641 741 705 706 73 9 254 50 561 641 
109 680 4 156 110 607 103 285 879 372 372 
72 712 139 558 913 875 688 33 908 72 647 
802 163 139 83 913 913 254 558 328 30 30 
101 560 76 13 6 750 275 824 736 461 117 
75 58 4 4 752 13 54 632 174 914 914 
735 761 676 54 94 69 129 123 492 301 443 
101 504 26 104 752 725 731 233 70 216 915 
763 763 461 461 462 463 464 465 172 467 467 
735 761 630 123 197 73 266 83 730 258 120 
738 301 752 64 604 9 882 739 336 41 302 
473 473 301 474 474 463 475 134 597 916 916 
738 738 515 476 836 171 288 591 454 884 301 
0 101 4 85 54 590 175 84 421 483 483 
58 58 641 236 77 515 123 84 172 917 917 
58 236 2 490 477 885 102 129 784 144 893 
145 228 626 16 285 17 636 575 628 561 75 
251 25 676 741 5 103 582 102 811 810 502 
25 25 622 76 630 2 94 285 95 856 856 
18 815 228 19 20 192 362 97 161 141 141 
120 120 752 54 739 198 198 502 238 676 676 
101 101 622 623 789 94 198 198 490 253 63 
247 136 258 561 165 908 176 533 177 183 176 
763 449 58 125 419 515 64 490 477 918 918 
189 189 228 712 191 919 32 527 920 921 921 
247 153 36 908 118 17 388 241 715 712 668 
867 504 4 741 522 244 799 94 2 1 641 
247 101 26 629 705 530 533 533 554 626 626 
30 800 622 259 156 103 530 531 533 582 439 
213 524 576 191 858 31 845 217 177 922 922 
763 763 235 236 514 923 67 517 239 527 519 
0 0 626 830 198 669 198 222 237 729 729 
160 8 252 146 553 255 244 832 65 256 8 
521 523 39 676 626 329 522 522 522 656 657 
801 801 19 729 578 411 186 175 526 675 218 
924 924 189 576 925 540 919 33 926 859 859 
58 58 641 8 13 259 878 158 383 426 426 
160 581 925 193 176 927 33 185 690 208 160 
245 72 104 705 94 533 502 3 623 272 272 
188 188 650 685 578 558 553 554 531 623 191 
549 443 641 19 510 281 16 575 554 628 628 
863 258 623 31 31 928 222 531 198 927 927 
72 641 641 165 104 146 115 929 285 930 930 
729 210 728 530 533 669 533 222 260 668 208 
931 931 19 36 176 554 554 248 36 153 647 
101 560 630 674 222 530 441 254 158 29 31 
247 0 19 650 630 237 16 238 554 628 628 
647 504 72 668 712 20 185 667 533 803 541 
504 932 815 641 641 529 908 508 542 543 543 
208 668 545 186 177 933 933 548 192 697 697 
555 555 36 910 233 559 254 675 36 30 30 
867 101 729 237 640 721 255 254 589 76 82 
647 647 641 20 630 552 552 254 563 675 2 
555 555 556 712 20 146 908 176 807 803 803 
145 145 560 259 561 858 106 362 563 934 934 
557 557 703 693 539 935 933 558 908 712 668 
627 8 623 51 7 254 255 6 705 641 641 
0 0 923 27 170 266 276 275 336 463 42 
867 0 1 5 5 123 472 275 84 589 784 
0 0 474 41 454 789 794 490 554 495 519 
251 251 576 104 624 165 869 497 261 46 46 
509 844 902 118 285 935 17 16 36 684 647 
447 447 462 133 336 275 518 266 355 474 863 
867 153 235 4 4 110 54 6 79 631 631 
356 863 40 252 252 451 5 591 421 855 855 
650 164 725 472 7 73 870 16 626 684 72 
763 763 4 764 731 84 84 590 794 763 738 
489 489 302 313 40 936 279 606 937 938 938 
889 82 792 291 6 7 554 2 1 0 867 
449 449 236 752 463 736 266 276 277 87 794 
601 601 474 127 121 304 123 84 296 131 131 
863 863 236 939 267 121 864 604 865 172 604 
0 0 4 742 87 71 37 527 248 110 8 
0 235 4 110 253 6 173 940 805 362 2 
72 72 19 624 625 872 760 807 626 72 72 
0 0 622 76 2 371 173 880 527 629 673 
145 641 622 741 5 705 97 37 98 732 644 
418 418 650 419 752 144 420 51 98 333 941 
647 153 19 705 559 695 873 33 846 712 72 
0 72 622 256 54 731 905 695 694 36 673 
815 815 622 104 104 260 21 632 28 942 942 
647 647 19 36 22 648 694 184 320 153 668 
101 72 19 1 630 868 661 37 23 38 659 
0 58 622 1 623 237 661 285 91 662 662 
647 684 19 858 926 943 22 667 192 712 668 
72 72 1 260 158 692 73 554 846 19 668 
72 72 4 362 868 661 10 376 118 673 673 
738 58 676 121 755 264 736 722 360 619 944 
680 680 19 691 31 858 681 579 945 711 711 
668 684 685 686 943 943 209 689 690 712 72 
72 72 691 578 693 669 651 255 578 145 72 
72 72 622 20 755 789 721 694 23 408 332 
258 641 4 48 165 165 910 38 28 100 100 
668 668 532 242 687 687 217 218 858 668 668 
72 72 20 705 17 648 872 706 846 19 228 
72 72 156 878 86 411 638 95 178 36 20 
72 72 4 104 677 878 103 526 945 53 28 
712 712 243 713 875 687 608 714 715 684 72 
72 72 4 27 5 54 717 880 24 716 716 
72 72 4 104 110 725 731 717 107 28 718 
72 712 715 714 415 945 426 242 881 697 647 
641 641 741 705 946 947 11 211 85 641 235 
235 235 622 789 721 296 638 173 238 724 419 
761 8 629 807 760 333 639 328 1 72 647 
761 641 629 621 397 360 329 868 236 58 0 
738 738 4 741 736 753 337 894 508 338 338 
738 761 622 752 742 265 773 326 948 740 370 
761 235 4 110 267 730 731 349 948 28 111 
641 622 110 709 885 949 663 629 4 738 867 
235 235 77 85 6 323 11 776 85 746 747 
738 761 4 748 721 750 337 788 589 42 501 
738 58 622 463 755 736 756 434 360 332 950 
75 25 352 54 706 951 88 630 622 738 101 
763 763 622 752 60 731 7 765 336 766 766 
0 58 622 676 282 730 739 11 777 292 457 
738 58 622 104 180 748 589 12 899 768 768 
75 75 4 259 259 752 794 778 332 100 100 
236 258 63 64 7 951 753 253 77 560 761 
738 598 4 121 772 11 349 773 774 491 461 
145 145 60 952 497 349 771 371 752 258 761 
0 58 622 676 741 282 6 880 326 353 778 
738 738 622 85 621 172 55 632 794 622 236 
0 235 676 2 888 953 344 292 27 258 893 
738 738 4 85 371 739 894 762 292 491 893 
235 235 4 5 5 371 7 954 880 778 731 
641 19 626 388 330 376 17 674 673 72 72 
761 641 76 736 7 953 885 888 89 82 82 
738 738 4 144 730 265 296 11 349 955 955 
641 641 2 158 692 334 383 103 752 145 145 
738 738 622 110 730 736 337 70 788 466 74 
738 738 462 464 739 882 956 785 794 884 884 
0 58 622 104 5 144 54 79 880 797 664 
763 763 76 464 87 337 70 745 774 893 893 
763 763 676 85 890 257 811 788 349 957 957 
0 58 622 5 5 731 88 11 344 87 774 
0 598 622 4 752 623 342 563 958 354 354 
680 228 19 4 561 165 705 759 899 959 959 
738 738 338 85 866 172 956 84 446 461 898 
101 738 622 42 282 553 885 894 646 895 357 
101 738 622 463 789 721 6 173 11 778 358 
145 145 622 48 156 27 625 71 960 899 961 
738 738 41 85 621 70 70 745 774 41 40 
738 763 622 63 13 5 288 95 948 796 131 
75 75 4 77 513 86 465 17 791 962 962 
738 738 121 283 827 754 7 821 144 641 761 
867 145 622 5 963 71 70 7 675 76 622 
801 251 4 626 362 522 70 880 174 621 89 
72 72 76 110 725 103 69 964 880 12 12 
0 58 76 5 97 872 872 805 575 76 622 
72 235 622 623 13 103 17 37 378 877 877 
815 815 19 4 20 260 103 22 965 966 966 
647 72 729 903 706 381 717 675 908 19 712 
72 72 19 577 29 705 176 719 967 23 23 
647 72 622 690 16 16 669 403 554 846 164 
0 0 19 623 237 726 553 638 968 655 329 
72 72 19 729 77 658 628 917 906 662 662 
72 72 19 104 104 725 103 84 55 98 98 
697 680 690 242 195 401 688 176 908 684 684 
647 72 20 674 929 102 669 582 908 529 529 
72 72 650 846 115 396 73 376 285 557 557 
72 72 4 20 29 726 388 638 643 541 628 
647 72 19 192 110 31 399 369 378 662 907 
576 576 19 576 858 243 400 176 423 969 969 
684 684 685 808 666 875 688 541 193 668 668 
189 189 4 640 726 522 389 391 554 259 48 
801 72 4 607 878 103 693 403 404 803 910 
145 641 622 104 13 86 175 638 376 74 2 
0 58 622 104 752 755 575 391 55 28 28 
101 145 4 5 103 472 9 173 97 110 26 
761 761 4 4 110 5 617 970 798 891 12 
528 528 320 321 666 643 688 328 676 684 0 
815 815 19 640 233 233 391 97 36 528 528 
738 551 641 630 868 411 175 175 646 76 561 
72 72 20 31 260 558 254 971 389 807 178 
863 863 47 607 742 730 371 651 717 877 427 
25 25 258 156 106 165 878 6 873 427 877 
668 219 846 670 403 972 688 908 36 668 668 
453 738 169 463 256 451 65 477 973 974 974 
25 418 1 419 975 13 420 74 421 422 976 
668 712 690 533 403 972 34 908 320 72 72 
627 627 20 29 472 9 9 255 846 72 72 
507 738 474 463 454 721 484 466 466 338 338 
153 72 19 48 48 858 908 178 977 162 162 
800 800 978 979 979 138 809 425 980 161 161 
712 712 139 693 669 37 935 242 243 213 213 
72 235 104 104 13 725 6 965 643 62 876 
258 258 622 104 104 13 371 6 811 812 812 
641 641 629 52 616 872 527 626 650 680 72 
58 58 622 59 656 756 421 349 496 957 350 
0 58 76 624 613 371 888 11 958 351 85 
867 145 4 357 624 623 823 88 166 431 431 
641 641 85 970 888 11 3 103 622 235 235 
680 680 622 110 267 742 157 233 664 769 100 
58 58 514 304 739 349 773 54 463 738 101 
738 738 4 623 794 981 319 788 309 41 40 
0 738 622 676 282 868 88 332 360 899 361 
72 815 47 48 615 742 823 982 616 732 732 
738 763 76 85 605 71 295 787 784 82 120 
761 236 462 5 2 255 954 326 917 370 613 
72 641 76 104 5 103 663 173 960 983 983 
738 761 1 2 70 344 885 596 748 82 82 
72 258 622 85 54 255 375 376 52 955 74 
738 58 622 4 60 78 466 795 760 891 891 
761 761 41 5 604 951 293 7 123 463 463 
0 0 75 676 5 591 434 880 605 629 63 
101 145 622 104 253 705 84 11 406 262 847 
75 75 622 755 13 29 86 79 798 891 891 
235 235 463 54 3 80 10 299 2 59 509 
738 738 4 755 793 787 872 805 16 104 104 
18 18 19 2 663 717 651 554 328 529 529 
507 763 622 975 167 288 805 388 2 76 235 
189 189 622 395 726 943 206 984 651 328 809 
802 576 673 138 562 858 537 960 945 985 985 
801 30 650 809 176 401 648 719 715 668 668 
153 153 691 395 843 642 391 531 699 650 650 
160 647 690 409 693 688 943 670 243 668 668 
208 208 668 164 138 36 726 694 35 942 942 
247 801 47 20 395 146 845 967 968 417 541 
978 978 19 36 165 858 574 636 695 23 977 
815 815 19 627 164 165 846 675 977 986 986 
251 251 4 620 88 717 224 621 85 72 72 
101 738 4 742 866 888 102 7 772 41 40 
145 145 4 253 103 118 391 376 669 54 50 
0 0 622 622 630 2 3 95 11 527 527 
72 641 622 104 789 103 94 70 14 987 987 
75 75 622 77 110 5 78 79 633 100 111 
101 18 48 624 625 717 717 554 626 72 72 
101 101 47 623 868 16 175 404 285 629 165 
0 0 622 623 630 16 118 383 940 631 239 
647 647 729 674 970 11 636 16 846 641 72 
647 72 4 626 705 530 642 412 643 908 640 
72 72 19 20 673 222 693 643 376 368 988 
647 647 243 328 527 648 688 16 36 19 72 
72 72 19 165 658 222 388 643 967 659 660 
684 684 989 919 666 403 935 667 626 712 72 
761 72 676 677 677 736 490 678 990 664 98 
668 668 685 686 943 687 642 321 690 712 72 
72 72 19 691 681 16 693 991 11 74 575 
19 19 47 48 607 165 675 38 98 992 992 
668 712 185 186 687 875 972 993 846 712 668 
72 72 19 20 260 574 707 991 23 646 709 
72 72 622 104 13 878 115 636 695 727 727 
712 712 673 713 875 943 666 714 994 668 72 
72 72 4 260 260 371 175 10 11 716 405 
72 72 36 33 719 671 694 720 881 684 647 
0 738 4 5 721 175 9 722 723 724 724 
72 72 626 118 383 651 158 728 729 0 647 
0 58 622 104 5 371 970 70 11 74 774 
58 235 622 752 730 730 731 70 995 12 732 
72 72 626 16 717 11 329 562 252 647 0 
738 738 4 5 736 750 296 956 466 338 462 
72 641 626 553 885 949 285 85 4 101 101 
235 236 626 6 7 344 762 85 886 82 598 
738 474 462 764 446 996 956 956 305 455 279 
738 763 676 454 304 291 739 997 344 778 336 
738 738 676 463 5 123 6 10 995 354 768 
641 641 165 736 70 771 337 774 85 641 82 
738 738 939 85 736 745 882 882 775 85 42 
738 738 82 4 13 260 54 79 780 781 998 
761 82 748 621 956 788 771 336 60 59 8 
738 738 82 463 794 68 787 343 319 794 282 
0 0 622 463 5 736 6 11 349 796 778 
301 763 462 454 604 739 70 296 794 462 447 
738 738 676 27 13 820 293 10 795 620 85 
738 738 622 676 13 170 497 10 349 797 796 
117 163 742 999 929 913 441 999 185 48 251 
199 145 165 420 583 1000 276 273 336 442 442 
199 601 42 63 123 583 168 175 274 786 624 
507 507 474 514 454 454 590 1001 466 316 278 
449 738 474 462 463 128 621 471 288 785 785 
58 58 474 474 447 144 794 883 61 452 452 
499 761 4 624 585 970 6 351 60 489 503 
507 507 462 454 517 288 1002 266 455 737 40 
459 456 474 676 60 123 1002 482 336 85 42 
39 39 258 259 13 736 444 288 466 292 292 
504 18 576 138 165 730 559 233 1003 915 915 
863 863 77 617 84 805 1000 94 624 622 4 
301 301 514 454 490 288 518 469 336 314 314 
101 145 4 5 705 500 175 254 970 794 264 
867 504 622 104 5 705 93 288 905 87 87 
738 601 236 236 77 789 490 1002 288 309 309 
1004 1004 447 59 509 169 475 1005 745 131 452 
738 833 125 237 469 486 805 590 493 1006 1006 
0 235 104 878 94 7 7 490 97 85 886 
507 763 4 85 830 590 502 1007 288 1008 1009 
738 39 256 13 789 78 502 288 669 299 299 
101 763 76 623 104 103 115 255 7 79 632 
59 59 2 1010 477 7 799 639 830 169 252 
58 82 676 2 3 7 502 490 575 63 63 
101 101 742 50 103 582 870 198 502 253 253 
101 738 41 676 515 86 490 198 870 466 466 
863 761 690 237 106 726 1011 669 1012 872 872 
75 1013 76 180 515 1014 67 270 495 1015 1015 
30 680 1016 409 178 1017 177 546 185 48 18 
1018 1018 110 362 97 202 500 500 661 164 352 
213 213 4 730 705 270 254 530 93 878 27 
213 800 47 4 260 103 530 533 118 553 78 
25 25 622 76 630 86 222 533 638 638 663 
1019 1019 228 19 712 192 362 1020 980 980 980 
30 213 185 522 215 669 217 186 1021 164 4 
120 120 514 170 583 502 502 517 78 1 104 
101 738 622 269 269 94 1022 1022 490 705 789 
247 189 258 155 165 705 574 530 533 176 176 
738 504 58 125 419 515 201 490 1023 329 329 
867 101 101 641 529 1024 1025 803 230 1026 1026 
160 697 989 185 533 533 217 714 715 712 684 
1027 1027 4 677 522 530 530 553 2 419 641 
867 101 4 741 705 530 530 530 16 626 626 
1028 1028 259 259 513 103 221 1022 531 16 1010 
1029 1029 576 540 858 31 667 533 33 922 1030 
0 729 371 212 520 198 198 222 728 729 729 
1031 1031 752 146 661 1022 1022 118 167 650 8 
1032 1032 39 676 27 16 522 522 2 656 656 
523 225 19 561 630 396 661 531 533 218 362 
924 924 258 258 712 650 578 16 554 525 525 
867 101 258 8 259 20 607 628 384 527 527 
528 528 690 409 186 927 33 185 729 208 208 
245 0 673 237 16 530 553 16 623 668 72 
1033 1033 650 650 674 726 16 94 675 77 180 
1033 504 235 650 510 281 16 575 575 628 2 
560 145 20 104 532 928 1034 531 533 182 582 
72 235 59 42 104 1035 21 929 69 534 534 
684 704 728 530 539 688 533 1034 858 208 208 
931 932 19 626 575 575 553 2 36 72 101 
1028 560 20 868 222 530 1036 1036 254 260 20 
867 0 1037 419 757 2 16 553 675 628 2 
647 0 72 8 104 20 552 530 554 541 541 
208 1038 567 176 177 570 425 139 1039 136 1019 
1040 1040 741 910 255 472 255 371 629 598 598 
506 738 59 623 43 94 583 1002 589 462 82 
867 0 622 180 789 103 444 255 970 794 794 
213 555 556 19 20 20 726 574 559 1041 1041 
235 235 258 259 259 752 106 371 234 934 934 
252 858 218 33 1036 202 913 558 908 576 576 
72 72 741 87 6 255 472 6 85 82 761 
507 833 125 792 455 316 1042 444 305 315 42 
301 763 76 454 454 123 123 1002 1002 123 494 
245 1043 126 603 454 794 316 1044 1045 134 134 
738 738 1046 4 41 42 63 590 1047 1048 1048 
1049 1049 794 591 84 497 84 54 352 235 504 
447 447 42 1050 336 469 1002 266 774 593 461 
738 738 447 315 304 123 583 583 1045 493 125 
647 72 163 5 742 263 1051 276 7 336 263 
0 0 235 4 4 13 54 94 526 716 716 
356 461 40 252 252 451 65 6 805 527 527 
59 164 878 1051 882 168 500 371 27 235 0 
489 449 82 42 736 1052 1052 123 455 39 449 
507 763 418 41 748 736 1052 1052 1052 676 41 
310 763 58 462 462 613 1053 445 1052 167 455 
474 58 462 127 127 303 736 1002 275 1054 1054 
489 489 302 313 127 936 316 292 937 1055 1055 
82 82 792 774 68 266 1002 794 338 761 245 
893 489 462 63 123 583 583 590 464 491 301 
449 449 235 126 463 1053 1042 1056 1057 278 1058 
601 601 312 40 121 279 123 1052 1059 602 602 
179 680 742 42 49 725 736 563 633 769 100 
204 204 20 103 574 670 73 643 79 846 165 
680 680 19 20 20 260 371 224 91 92 711 
235 75 622 20 104 5 16 79 798 99 12 
72 75 4 607 260 725 103 182 37 1060 1060 
145 145 258 104 110 113 21 632 55 99 422 
680 26 256 260 741 742 86 531 413 56 57 
641 641 1 256 755 757 758 285 11 147 147 
189 18 47 258 48 20 50 97 732 718 609 
680 680 156 156 607 144 362 706 61 12 57 
116 116 47 49 20 165 103 22 23 12 12 
136 136 1039 1061 48 1062 139 1063 1064 1065 1065 
76 418 4 256 730 1066 94 1067 14 216 216 
801 800 801 227 47 104 27 97 859 1068 1068 
72 72 641 259 104 741 103 74 23 166 166 
145 145 258 48 259 144 1066 970 55 56 56 
622 622 104 419 13 725 617 118 1069 1070 1070 
763 763 59 1071 60 282 1072 518 349 855 71 
58 82 514 20 256 13 731 69 708 855 855 
101 58 622 4 13 5 6 7 11 360 360 
893 82 4 259 463 730 54 97 11 917 754 
507 507 39 474 1073 463 315 316 317 62 62 
75 889 622 104 104 789 103 69 616 995 754 
509 509 85 465 1074 733 997 753 731 144 112 
1043 1043 514 63 265 1074 762 956 775 121 127 
641 82 5 77 265 721 273 788 958 778 292 
761 145 462 752 742 265 1051 900 10 958 958 
735 735 252 603 451 451 114 171 172 1075 1075 
59 59 508 3 7 1070 885 371 282 235 761 
738 58 4 463 269 114 292 343 762 778 457 
456 456 460 461 462 463 464 465 632 1076 467 
737 338 629 753 7 73 17 946 741 641 641 
449 449 746 751 267 752 123 850 56 614 614 
560 117 414 588 255 872 717 563 629 641 72 
310 310 474 126 462 748 1044 134 45 452 452 
124 124 125 126 463 1077 128 129 130 131 131 
310 310 1078 1079 1079 510 133 134 135 1080 1080 
738 763 76 4 77 789 86 288 1081 1055 597 
763 763 82 4 63 1035 818 1002 1081 174 174 
680 680 4 789 180 681 1082 299 55 791 791 
58 58 622 104 868 64 1083 84 1084 14 14 
0 0 4 5 54 255 872 687 639 85 110 
39 25 4 752 144 64 1085 17 708 107 107 
72 72 919 176 688 643 935 183 248 576 576 
504 145 622 5 726 553 175 1086 526 952 1024 
145 145 47 48 110 146 21 1087 11 378 378 
72 712 1025 667 872 872 688 694 803 989 684 
101 0 19 741 86 530 799 244 530 690 690 
136 72 19 20 138 29 522 177 187 34 23 
932 18 19 76 622 691 908 663 861 1088 1088 
72 1037 36 554 643 872 217 667 438 684 232 
735 761 4 640 255 9 198 118 757 584 584 
101 72 19 630 522 93 244 200 522 390 649 
647 647 19 20 260 29 530 244 233 32 626 
101 72 622 149 13 29 553 7 10 977 977 
1089 1089 712 712 712 858 919 16 1090 230 230 
72 19 36 16 17 206 217 222 728 208 160 
247 30 258 192 578 396 177 913 709 556 627 
18 72 19 858 29 29 533 177 178 709 362 
680 680 259 48 146 532 298 202 11 14 322 
551 0 653 626 16 233 739 621 624 30 101 
738 763 622 630 86 1022 84 88 97 622 863 
747 258 85 752 144 624 6 632 811 795 795 
72 72 154 155 156 165 1091 1092 1093 159 166 
8 272 514 1071 269 86 175 172 349 778 731 
30 697 650 48 156 607 579 554 178 1094 1094 
979 801 154 112 1095 1096 50 1097 608 1094 1094 
272 272 237 661 202 73 905 342 741 641 145 
738 738 1071 463 1053 273 606 349 606 338 41 
101 72 77 264 50 721 824 295 788 773 1098 
272 8 20 613 730 730 94 929 73 62 62 
58 58 4 462 463 144 2 604 61 1099 1099 
712 712 919 16 935 73 17 993 715 576 697 
101 738 4 5 970 7 765 773 85 893 893 
0 0 4 5 54 6 296 343 88 737 82 
0 738 622 752 5 736 7 954 11 74 736 
72 72 908 530 636 206 17 628 1024 72 647 
72 19 626 553 856 872 285 78 352 72 0 
641 59 2 94 102 901 811 465 27 75 738 
82 641 629 3 79 892 1100 820 85 75 738 
0 738 622 282 282 54 88 894 344 90 778 
0 0 622 4 77 658 371 717 880 1101 1101 
761 82 890 94 202 892 1102 710 5 82 761 
738 763 338 794 883 10 10 888 336 461 898 
101 101 622 63 864 284 70 10 79 89 42 
101 145 622 110 5 624 621 174 1103 1104 1104 
738 893 676 282 3 885 70 175 103 82 82 
763 763 4 677 103 731 872 10 885 629 85 
738 58 76 621 900 892 202 129 454 75 641 
0 72 1105 902 17 708 888 6 5 641 641 
72 72 622 165 630 103 17 872 968 631 847 
647 72 1016 903 17 872 717 675 626 641 72 
101 58 623 96 553 102 638 3 2 1 236 
647 72 1024 830 233 37 872 574 908 19 712 
647 72 650 626 705 661 654 643 554 846 846 
0 0 19 673 29 552 639 1106 968 803 587 
647 712 1107 242 717 872 177 33 908 712 668 
0 72 36 640 582 102 669 94 626 641 641 
101 72 691 846 115 693 73 643 1087 36 36 
72 72 4 165 878 726 693 636 643 511 328 
576 576 691 577 858 260 903 234 1108 1109 1109 
72 668 626 808 688 872 935 176 809 668 668 
145 145 4 5 371 83 905 669 118 741 259 
668 668 690 588 688 401 1110 176 919 668 684 
0 58 622 104 752 5 94 10 55 28 28 
668 712 578 552 913 401 688 33 626 153 647 
867 801 622 362 559 531 33 910 629 19 72 
506 1111 461 463 465 1112 1113 517 589 41 474 
560 560 258 110 371 118 531 531 530 106 106 
101 101 560 622 630 5 465 553 255 675 628 
1032 932 1037 889 104 623 2 238 1114 970 970 
449 763 235 8 252 451 1066 731 466 632 632 
647 153 1095 260 1115 254 254 176 908 712 978 
549 867 641 623 103 1115 574 16 2 641 641 
521 101 258 622 260 29 522 575 554 629 1024 
504 504 19 673 20 237 16 553 554 554 575 
800 800 19 76 180 674 530 553 533 178 234 
763 763 622 104 975 630 705 3 805 55 174 
647 647 729 1116 16 254 176 16 36 25 72 
101 504 75 104 2 575 522 103 640 82 641 
647 72 20 13 868 222 1022 1022 522 705 180 
1031 213 556 19 532 674 186 530 533 675 16 
504 504 622 1037 20 1035 237 574 554 526 158 
1117 1117 72 641 190 20 1025 1118 1119 847 847 
668 684 881 185 1120 533 533 1115 36 712 684 
0 0 252 630 16 522 522 575 1121 251 802 
763 145 104 13 1122 869 530 1022 553 282 282 
1123 1123 20 20 658 201 530 530 533 16 522 
1028 1028 47 20 853 658 661 1115 533 217 533 
1124 1124 189 1125 1126 1127 908 1128 161 1129 1129 
684 684 989 242 388 533 533 16 578 712 72 
0 75 623 64 490 490 1130 490 2 1131 1131 
204 251 4 13 1122 530 1130 1036 371 623 741 
101 101 236 630 237 1122 1122 553 554 1132 1132 
1133 1134 615 1135 1136 1051 1011 1137 1138 287 287 
1139 1139 462 1140 1141 1142 1143 1144 973 1145 1145 
712 19 685 686 1146 217 927 33 31 712 213 
0 58 691 5 553 1130 1130 553 2 418 627 
504 598 622 623 103 16 553 472 621 741 77 
247 101 258 20 607 21 522 575 554 675 910 
0 0 641 259 789 5 78 553 554 1129 1129 
504 225 801 1147 48 1127 846 16 1148 1148 1148 
712 712 858 845 217 217 927 186 908 712 712 
0 189 1127 705 16 574 574 176 629 145 641 
101 101 4 741 54 472 574 1114 1114 741 20 
738 738 259 752 269 736 1113 482 175 103 617 
1033 1149 82 48 110 5 103 1114 1114 1150 1150 
833 833 447 1151 447 463 464 1002 836 1152 1152 
641 641 919 1083 1120 533 388 1148 1016 684 228 
0 58 623 64 472 472 500 553 5 236 236 
867 738 236 752 5 736 472 1130 16 623 419 
1153 1153 39 4 60 890 336 1052 1114 794 794 
867 507 474 463 127 789 123 123 1052 134 134 
0 0 258 1126 104 49 54 51 1154 261 632 
72 75 36 628 490 502 1120 237 881 647 647 
738 738 76 85 54 1113 1113 103 85 258 863 
504 504 641 752 878 736 583 472 371 741 4 
867 0 39 127 104 170 1112 1130 1114 455 1050 
507 0 641 451 77 818 305 273 1059 739 97 
867 763 251 236 1155 868 794 84 88 597 597 
235 236 2 575 502 502 553 630 509 0 0 
1156 1156 622 104 1066 86 500 1052 794 886 357 
0 0 641 463 269 103 1051 583 255 823 774 
225 225 58 761 259 741 54 589 1114 74 1157 
504 504 258 1158 259 1127 260 1159 261 262 262 
72 641 792 705 255 554 94 562 259 101 867 
75 75 76 789 583 472 472 336 291 117 356 
867 0 236 110 5 83 472 472 589 748 63 
204 738 76 77 789 291 583 1000 275 305 263 
101 738 1131 59 104 13 123 583 1002 466 84 
1139 1131 1126 268 13 13 170 84 882 293 79 
1158 25 5 103 472 255 1159 1066 357 560 101 
235 235 76 890 583 1130 472 6 1160 41 746 
58 763 4 63 54 583 1161 1161 445 1066 1162 
761 145 514 77 789 86 472 1161 1163 292 292 
801 801 561 77 20 96 86 574 1119 970 1164 
58 58 641 509 104 110 878 94 632 1165 1165 
761 236 27 123 255 1161 6 794 89 82 82 
58 58 676 794 490 1161 1002 1002 280 338 737 
474 25 76 85 129 266 1166 1161 1002 1053 1160 
763 489 622 454 454 465 583 1130 1052 794 794 
235 145 622 63 237 123 1167 94 289 605 606 
507 601 39 676 491 315 475 1168 1047 452 452 
550 82 789 54 1002 7 750 1167 629 59 82 
251 39 42 304 1002 477 583 84 590 748 764 
1123 258 4 85 54 583 1161 1161 750 589 464 
1169 1169 82 463 752 123 1113 1166 84 305 336 
1124 504 641 641 259 260 830 582 84 579 579 
763 39 58 1170 1126 104 1171 1172 508 587 587 
75 1131 454 1167 68 275 970 756 868 509 1170 
120 120 42 748 6 1002 1002 583 2 676 622 
735 738 82 463 748 94 583 1161 84 85 789 
507 507 560 463 13 123 1113 1114 1114 621 74 
763 39 126 462 1141 1077 86 1052 84 836 518 
598 598 77 104 623 13 86 6 10 174 788 
251 25 85 794 970 175 97 902 1171 1170 1170 
301 301 41 454 1167 583 583 490 123 236 236 
1173 1173 622 676 64 1159 590 1161 1114 454 27 
460 593 1151 462 515 64 583 1130 1052 74 345 
1149 763 82 59 789 630 103 553 84 621 621 
489 1174 641 1175 104 789 1176 1177 970 74 74 
509 1037 676 628 1074 750 175 885 1160 893 251 
0 1043 59 63 446 263 824 480 753 41 41 
761 58 155 77 5 736 273 296 349 457 292 
761 75 82 127 595 113 736 1178 168 172 224 
120 598 251 939 252 595 114 115 970 71 90 
1174 1174 622 1066 1053 257 175 168 84 748 144 
738 58 939 734 730 264 337 297 733 458 280 
738 738 236 1151 127 595 736 1002 130 597 597 
312 312 461 751 1141 447 475 122 597 916 916 
47 4 823 6 913 206 17 553 626 641 72 
1153 310 474 1151 463 463 464 134 134 306 135 
124 124 125 126 1179 1077 128 129 1180 131 131 
310 310 1078 1079 1079 1181 133 1052 1182 1183 1183 
101 735 63 1053 68 7 497 103 1 58 0 
449 449 82 59 63 1184 818 1002 1081 822 822 
75 75 622 462 180 725 1082 299 1185 12 12 
0 58 1 2 7 102 1161 291 741 145 735 
39 39 4 20 1035 640 1085 7 95 917 917 
145 680 622 20 104 1035 21 1087 95 945 1186 
72 712 626 176 102 73 73 693 675 1024 243 
449 449 641 641 104 858 328 663 968 1187 1187 
735 735 4 868 94 175 198 490 1171 509 509 
18 18 691 149 789 29 94 7 892 1188 1188 
1089 1089 72 712 1189 858 532 1115 1090 230 230 
697 72 36 176 17 927 1017 186 686 208 208 
101 101 680 395 578 530 531 913 16 1189 668 
18 18 19 1095 532 29 176 177 177 1020 139 
680 680 978 48 532 532 362 218 904 1190 1190 
551 1089 653 36 522 254 6 559 1127 30 160 
251 258 154 1155 789 1122 553 810 1007 1132 1132 
746 746 85 110 144 725 97 1007 526 646 1087 
697 697 192 689 533 927 927 193 1039 697 697 
0 30 622 789 86 1130 1007 223 563 89 734 
8 1170 1035 148 635 86 93 7 10 646 675 
551 30 627 48 259 691 902 554 807 1191 1191 
1192 1192 137 802 1095 1096 1193 1097 1194 1191 1191 
208 153 243 186 533 178 17 908 36 815 1019 
867 738 1073 789 617 756 255 970 84 620 366 
101 72 4 5 282 78 707 296 894 1098 1098 
1170 1170 975 156 730 730 1159 6 905 71 71 
1174 1174 622 163 104 77 1176 97 1195 1099 90 
1061 1061 676 1196 27 260 16 285 80 100 111 
228 228 622 1127 104 260 726 587 107 367 367 
136 136 1197 1061 1198 1199 1200 140 141 1201 1201 
251 58 676 5 3 669 905 7 2 4 236 
627 19 4 104 691 1066 682 38 23 99 436 
641 641 4 742 27 1202 878 1203 760 111 111 
72 72 36 16 17 872 217 1204 36 684 647 
72 72 47 48 615 49 1205 51 55 159 159 
72 680 626 118 7 880 717 1159 629 75 641 
75 680 650 1127 13 13 371 79 95 28 727 
641 641 236 104 165 64 65 3 98 791 791 
58 58 622 622 1206 1207 67 68 174 891 891 
145 145 165 1157 888 73 717 16 626 72 72 
18 18 622 1127 658 626 103 329 871 839 839 
72 72 676 623 741 103 639 37 378 367 367 
680 680 676 5 741 617 103 69 1208 1209 1209 
236 236 236 104 27 1210 736 1211 70 732 732 
82 82 60 49 5 730 1085 270 71 387 871 
641 641 691 691 755 282 1212 284 11 839 839 
75 75 41 462 752 5 123 1195 664 81 81 
72 684 1155 830 17 669 872 575 626 72 72 
1170 889 1131 4 104 13 170 69 831 98 98 
524 418 676 1196 691 607 16 587 861 28 28 
72 72 673 667 638 648 935 16 36 712 72 
738 761 4 5 970 9 905 97 85 251 251 
0 0 622 741 54 6 1213 70 74 886 887 
235 235 77 103 970 9 956 785 794 676 622 
680 680 622 741 13 1035 726 285 11 1214 1214 
75 75 148 603 149 86 150 1084 151 152 1209 
101 145 4 85 772 1154 296 84 2 622 252 
58 58 4 155 752 5 157 1215 1216 12 12 
1043 58 58 236 236 165 2 497 107 612 612 
680 680 1198 138 138 165 103 1154 880 791 1217 
58 58 761 462 462 5 1218 1177 1219 849 1220 
0 0 641 622 741 260 1091 497 70 1209 1221 
109 889 1 630 630 1014 869 970 378 91 99 
680 680 19 1127 741 741 103 632 107 664 35 
75 75 19 419 923 67 67 3 1222 1223 1223 
30 30 1197 20 20 260 1115 1154 187 1224 1224 
801 801 19 201 658 726 832 10 10 1129 675 
120 598 20 1225 1226 31 1115 927 1227 877 877 
75 19 19 104 1228 1229 726 224 901 727 727 
504 1149 19 650 1127 260 553 177 285 675 229 
72 72 641 4 27 1035 1230 929 1231 930 930 
0 72 1198 975 20 705 16 648 181 55 1216 
697 697 30 1232 1198 1126 908 1233 141 1234 1234 
627 712 47 1198 1189 1199 21 554 23 664 35 
560 560 1235 20 764 165 1091 69 771 1221 1221 
356 560 40 40 121 1210 736 1052 1084 71 71 
58 58 4 603 603 730 736 632 1236 1237 1237 
120 560 4 939 267 742 864 970 865 12 12 
925 925 689 222 215 799 241 714 685 30 647 
72 72 19 626 54 522 1172 1164 886 1238 1238 
1239 1239 235 676 5 123 444 445 1157 1240 1240 
0 0 4 1155 752 5 103 472 1114 90 1160 
101 25 258 8 252 1155 726 794 472 621 621 
1149 1174 0 761 252 252 1241 50 118 240 240 
729 1025 328 186 693 198 1242 552 1024 680 0 
1170 1170 77 123 583 583 583 604 774 82 82 
738 761 76 5 617 472 472 583 731 748 764 
738 738 4 463 463 144 1052 1161 1052 1243 1243 
738 738 236 1151 462 463 1218 1113 1052 1244 1244 
459 459 460 461 462 752 464 465 466 1245 1245 
1126 741 589 93 1138 1242 693 522 640 550 145 
1151 1151 5 86 583 583 583 275 1072 447 356 
456 507 474 463 454 464 444 123 794 41 41 
763 833 1139 1179 936 303 1042 1052 1052 1168 794 
507 507 761 1158 235 236 237 2 1244 1152 1152 
42 42 54 583 198 288 502 465 1121 641 1170 
301 301 447 794 1044 583 1056 444 454 481 884 
1246 1246 622 76 5 721 472 472 336 792 622 
1247 1247 447 1141 121 464 1053 1248 1052 1249 1249 
738 738 236 127 104 144 736 583 583 1177 1052 
39 738 1037 8 104 13 617 583 811 1250 1250 
314 314 463 465 1002 469 1023 794 493 833 312 
1174 489 491 5 794 1052 1113 589 85 893 893 
310 1251 124 41 454 263 1114 1045 1052 813 1252 
1149 1149 1174 41 121 355 621 1052 590 1160 455 
924 924 815 641 622 989 910 621 1253 74 1254 
449 601 738 59 764 493 830 66 61 496 496 
301 893 63 721 1113 490 1052 784 59 763 738 
499 1255 338 463 794 490 1161 1052 355 501 1073 
507 301 82 42 748 1218 123 490 1002 592 457 
1256 1256 1257 1258 4 27 103 68 1177 74 97 
1259 1259 761 939 1141 1210 730 1260 1261 239 632 
473 301 454 64 444 1002 305 464 454 301 473 
867 507 462 60 1260 490 1002 590 794 126 40 
507 601 1079 462 60 1141 1005 1112 1059 280 457 
225 800 1232 259 49 725 94 254 255 632 632 
1013 75 1155 462 1262 267 820 1263 1264 1265 1265 
507 738 454 1072 1052 1002 1002 821 1179 893 488 
867 763 76 5 1112 1161 1161 1112 1218 41 82 
507 763 622 63 789 86 1161 1161 288 266 1002 
507 738 41 463 515 64 44 288 1001 135 480 
0 763 622 104 104 741 103 84 1154 1266 1266 
0 0 640 497 3 270 266 1051 85 462 887 
867 1149 4 741 663 847 472 1114 2 737 47 
801 258 691 626 16 530 799 275 277 278 1202 
251 145 622 463 789 1083 497 1267 175 68 6 
507 449 58 4 77 516 1218 585 296 795 87 
763 763 58 236 1155 63 170 466 745 307 172 
0 680 623 1085 1036 870 223 559 705 165 165 
101 101 622 110 103 83 198 244 254 1268 1268 
738 25 622 623 789 371 388 198 1227 211 211 
504 18 19 419 630 103 1120 388 175 234 807 
0 0 258 641 259 623 726 158 261 1269 1269 
551 213 1016 522 254 582 913 707 1172 623 419 
251 251 676 730 583 1130 1036 94 16 1025 923 
247 867 258 20 29 726 530 530 554 626 691 
833 833 58 235 834 515 2 836 1270 1271 1271 
137 137 578 574 582 17 1036 558 1020 243 729 
549 456 4 752 86 238 1130 661 237 1272 1272 
247 1156 258 1126 705 726 530 176 575 809 1107 
213 213 641 1126 260 725 16 553 554 1204 1204 
101 18 556 729 673 658 16 582 182 587 158 
738 0 761 641 561 77 562 291 563 564 564 
697 697 567 548 559 538 933 176 1273 1274 1274 
247 1019 19 674 1159 574 530 1083 690 529 529 
1192 1192 1197 395 362 185 574 531 218 557 557 
1029 213 556 164 20 846 16 553 16 667 328 
188 136 1198 712 712 858 32 16 1275 926 926 
1038 1038 712 712 138 139 578 661 579 1276 1276 
1089 697 685 703 1275 533 574 667 685 1277 1277 
160 1089 653 20 103 574 1278 726 741 72 647 
1149 136 1232 164 260 726 574 522 908 48 1147 
800 800 1197 48 20 809 176 522 1275 908 562 
800 800 1279 104 165 5 552 585 585 1280 1280 
213 1019 1147 1198 252 577 910 559 1281 980 980 
1282 1282 844 193 1275 926 1283 1284 1039 697 1282 
647 72 691 878 176 530 574 115 139 1147 1147 
116 1285 258 260 868 86 553 574 726 742 49 
145 145 258 259 752 868 575 531 215 675 2 
931 101 1232 641 1155 20 705 522 575 1286 1286 
1192 1147 1126 156 138 607 878 1115 1041 1287 1287 
684 566 557 1288 1275 533 993 218 704 697 697 
684 684 1198 106 176 531 574 1205 1200 227 1147 
1124 1124 236 741 878 1278 574 575 1172 1235 957 
101 72 4 1155 20 868 522 553 554 1280 1280 
101 101 48 259 259 49 103 574 553 74 621 
1174 1174 641 1289 1290 104 1176 1177 74 74 74 
1153 1153 125 1291 518 518 134 1291 125 58 1043 
101 101 4 5 6 7 175 6 1176 1170 1170 
680 680 236 8 104 13 5 6 421 945 873 
72 72 36 16 17 73 17 371 36 684 668 
932 932 19 36 675 254 182 574 1199 258 978 
0 0 650 741 6 177 1292 84 103 622 560 
188 189 1293 259 191 31 32 176 34 34 196 
697 684 36 908 183 717 234 908 36 680 680 
0 58 1 623 64 86 244 73 1154 97 97 
72 8 1196 282 21 291 1082 102 841 901 901 
668 668 36 675 17 872 17 33 36 649 1294 
235 235 691 4 677 86 83 102 391 12 71 
815 815 258 622 156 110 371 38 421 34 421 
72 145 1127 705 97 7 905 3 1159 622 641 
101 145 4 5 736 83 175 905 234 629 673 
39 39 447 40 41 463 43 44 1270 1295 1295 
867 738 59 110 730 144 1082 299 10 71 71 
1019 30 1039 193 541 177 541 908 1039 1019 1019 
560 145 630 16 17 73 17 16 36 72 72 
738 145 76 5 1177 1296 175 1177 85 82 145 
1294 1294 1291 238 805 10 285 1172 1 58 738 
0 0 622 104 789 103 472 175 181 295 319 
58 58 59 509 60 5 1176 284 10 62 855 
763 58 418 236 63 64 65 66 1297 174 1219 
58 58 59 77 789 29 67 68 11 1103 143 
1174 1174 82 1175 104 789 1176 69 10 71 1219 
101 893 121 1082 97 7 970 621 1207 77 735 
101 560 4 725 929 84 1296 832 753 594 112 
101 101 622 624 625 69 285 554 1121 251 101 
507 101 4 5 1177 84 1166 68 465 462 127 
763 763 461 4 462 789 1298 1007 285 1299 1299 
738 641 1071 86 299 905 799 158 1132 676 622 
738 738 76 5 1112 1296 175 93 1300 464 1262 
179 1004 235 1301 1140 1184 1218 553 181 452 597 
647 647 19 629 1120 1130 158 660 1024 550 550 
0 0 4 705 1082 1296 1296 1022 21 164 104 
116 116 4 5 1176 472 200 502 502 282 282 
1156 1156 26 1127 658 201 530 927 202 693 176 
1149 30 680 19 155 185 186 255 234 1090 1148 
1124 1124 189 1125 1126 1127 908 1128 261 261 970 
1037 529 626 1010 217 1302 870 693 1122 630 510 
58 58 1 86 490 198 1130 1242 628 623 180 
199 199 615 96 472 530 1296 1292 530 552 674 
75 75 4 623 1122 86 517 1303 1296 118 1112 
863 8 1228 237 674 726 1011 1138 1227 1227 1227 
109 109 76 658 201 1014 220 1304 206 1305 1305 
668 668 685 686 694 217 1292 689 690 1126 540 
1306 1306 1127 21 533 1022 1022 500 185 419 512 
226 116 47 260 86 221 1022 531 255 578 630 
1307 1307 622 20 31 1122 533 799 285 16 705 
213 213 214 1126 673 658 522 215 533 1308 1308 
1019 1019 815 1126 1127 36 103 527 1090 527 527 
697 684 1309 1021 1146 217 425 218 1310 219 219 
116 1257 630 86 1022 1022 1292 1130 1176 76 59 
101 802 156 269 220 221 1022 198 1130 260 260 
1192 1293 641 138 29 222 203 1311 1312 902 902 
0 0 1290 8 149 677 86 490 1023 1313 1313 
800 800 226 227 641 1024 1025 508 1314 1315 1315 
978 1038 994 713 1316 217 33 714 715 232 232 
145 145 1 705 553 1130 1292 118 626 1037 1037 
867 738 4 630 1122 530 1022 533 1172 2 362 
213 213 650 20 20 21 1115 531 1275 579 579 
555 30 30 979 1198 908 32 1115 158 1020 1020 
738 738 235 236 1317 923 237 238 239 240 240 
647 684 1025 1017 241 177 648 242 243 219 1277 
863 738 1127 516 1304 1130 254 97 167 676 8 
1032 1032 801 1317 741 103 575 575 1132 724 881 
247 247 1197 650 691 878 575 575 525 1286 1286 
247 0 627 8 752 144 94 1177 554 587 1215 
1318 1318 908 1128 807 158 639 728 729 647 160 
0 72 1127 2 553 254 1114 157 36 235 72 
932 932 228 623 705 1159 472 1319 1157 154 154 
1320 1320 4 104 730 86 336 472 1052 1243 586 
101 1147 4 104 49 730 1085 255 255 1164 1164 
729 673 628 558 913 905 799 32 164 153 153 
72 72 76 908 1114 254 472 589 734 735 735 
0 58 236 677 736 1161 1161 255 589 748 463 
0 763 514 60 303 265 1248 1161 1059 1168 1168 
0 0 622 752 603 1210 1053 1002 1002 68 68 
1321 1321 975 281 13 868 1112 1002 285 632 79 
272 272 36 115 84 1036 1120 36 622 1149 1124 
235 235 1290 617 970 255 1166 731 1160 1235 746 
58 1174 1317 748 749 276 274 1056 1177 267 267 
738 235 1 752 5 291 273 276 1163 278 278 
551 0 641 127 268 303 1322 591 1114 280 280 
641 641 1155 8 281 110 878 118 285 1323 1323 
975 757 86 257 1292 389 1324 617 629 258 258 
82 82 4 794 6 1000 1161 6 794 82 82 
763 1174 41 764 794 336 1056 1325 1042 766 1326 
1327 1327 76 454 730 291 266 1002 290 292 263 
58 125 1139 1179 603 279 1167 1177 1059 1047 1047 
301 301 314 1073 302 42 475 1168 1047 452 1328 
1170 561 253 1248 1166 296 296 291 764 75 761 
461 302 314 1050 305 1002 471 1168 316 302 447 
116 39 939 463 736 1053 469 276 336 786 752 
1259 1259 41 752 1202 263 1051 275 275 1057 336 
1027 1027 1125 267 269 13 298 299 168 1245 542 
301 301 40 302 462 303 304 305 130 307 307 
1151 82 748 784 1052 1057 266 736 1329 235 1327 
460 301 447 463 1248 1052 1002 123 786 39 1139 
507 507 39 42 454 170 1248 1161 1182 592 1330 
120 1331 792 621 739 1332 266 793 493 1006 1333 
301 301 474 63 1052 1052 1052 590 316 301 301 
310 601 41 126 454 123 1002 1332 1002 127 1262 
449 58 474 462 463 170 1052 1056 1332 292 292 
601 601 474 1151 1141 454 1218 1059 745 1183 1152 
598 1174 4 259 603 1210 123 604 605 319 319 
684 684 690 193 176 244 241 186 690 697 697 
1032 1032 251 4 589 522 123 1172 676 1174 800 
1028 523 1147 20 626 726 553 1114 1157 76 76 
247 247 1147 156 20 1205 1115 574 1275 541 541 
523 801 47 641 164 1127 1121 1233 554 525 1120 
208 208 31 186 799 209 533 558 846 529 529 
18 18 77 640 530 500 1130 575 85 82 550 
101 30 1126 578 705 522 500 255 6 164 623 
1027 1149 155 155 260 1122 530 531 1311 1119 176 
453 738 501 148 104 658 1122 1010 517 1023 1334 
684 684 858 242 1335 533 177 176 1016 647 647 
863 8 1179 67 490 1130 1161 1332 54 1289 863 
453 0 59 515 13 78 502 482 1052 676 462 
506 738 126 1141 451 64 490 490 502 129 794 
247 647 228 228 48 31 578 522 554 1020 1020 
1336 1336 978 979 979 1096 809 1337 1120 980 980 
1024 1024 237 1338 694 643 811 993 626 801 647 
735 738 1339 1207 94 1161 1052 336 464 884 460 
1149 1149 1232 20 658 726 176 559 1172 47 117 
735 598 1290 104 1171 123 1130 1036 223 621 731 
72 72 104 259 1035 1210 362 574 553 158 158 
101 101 236 236 104 741 5 553 1314 611 861 
1061 26 328 1119 636 799 856 628 629 18 647 
1149 1174 59 157 1319 254 1114 1172 85 145 145 
1340 1340 1341 59 656 721 1114 1157 1342 1343 1343 
1149 1149 622 4 282 675 472 1114 74 1342 1342 
247 247 228 1096 577 571 184 1119 234 1344 1344 
833 833 833 447 463 493 494 1313 1345 496 496 
1258 47 621 779 200 669 710 585 630 598 153 
763 763 338 493 1168 482 1166 1177 748 593 312 
867 1027 4 463 463 1053 83 1002 466 1183 1183 
1256 599 1257 1346 264 114 6 69 1081 631 373 
1259 735 8 752 13 1210 269 1260 3 806 806 
145 1289 620 118 168 10 3 1083 1347 25 101 
867 0 622 1066 589 1114 1319 589 1347 145 101 
507 833 474 447 1141 303 134 1002 135 316 316 
101 1019 622 462 49 49 1319 69 894 309 309 
75 75 4 462 127 303 820 1263 1185 1348 1348 
474 601 121 471 1059 296 490 821 514 763 763 
507 601 622 676 1298 263 1332 275 1052 1179 737 
1153 1333 1079 479 1262 128 1059 288 819 134 1244 
301 310 474 462 463 492 1168 1057 1059 822 1349 
815 815 47 48 48 742 50 51 1154 616 616 
738 763 1 1052 970 244 1166 54 464 1174 251 
101 1149 82 282 1150 582 1161 731 1066 117 117 
761 58 622 5 86 83 276 1350 277 734 734 
763 25 622 1179 63 170 773 826 275 336 336 
58 58 622 169 144 1167 583 275 343 294 294 
82 82 846 1112 1000 275 824 298 1077 893 1257 
863 863 622 1228 730 83 175 296 739 89 89 
814 932 58 145 1175 1024 1218 51 178 1299 1195 
504 763 622 1158 259 85 830 1159 831 1351 1351 
101 763 1 575 1114 1296 1352 167 256 258 258 
101 145 1071 304 1002 1296 168 266 68 121 734 
867 867 258 164 13 522 1166 288 88 589 734 
1149 25 82 1229 1228 86 94 671 1012 771 951 
504 58 82 1126 164 923 16 805 285 23 872 
75 58 622 419 104 789 103 1195 349 619 855 
1040 641 640 910 175 70 888 1353 106 26 26 
506 738 1 5 1167 69 1332 1211 590 1354 1354 
0 235 4 253 1083 661 1138 669 84 1355 1355 
735 189 19 191 658 29 16 233 10 107 107 
763 763 474 447 462 463 13 1168 1356 1357 1357 
1320 58 36 3 717 202 211 233 626 1024 529 
1153 58 1 640 3 84 1296 94 465 77 59 
251 251 676 103 6 94 1296 202 651 242 728 
101 145 1 673 139 32 21 533 177 861 856 
109 673 1 1310 103 16 726 810 1216 24 1015 
30 684 858 842 17 7 648 118 328 729 729 
932 932 1196 5 843 254 472 93 185 650 4 
523 1028 1232 577 1200 574 559 1311 1119 139 615 
225 1019 1279 1225 20 705 628 526 847 663 663 
1019 1019 228 712 180 1199 910 22 187 426 861 
1318 697 844 902 233 177 648 22 720 540 1318 
647 153 1127 50 929 539 1292 1311 222 1189 138 
136 136 1293 138 20 1193 559 1275 241 541 541 
0 30 622 1126 630 741 86 531 177 1154 1154 
160 1089 668 138 712 690 809 926 1194 1358 1358 
1277 1274 1359 1288 559 217 1360 926 1310 535 697 
1040 1040 47 50 115 1036 530 1115 185 627 627 
226 226 258 1127 260 1278 574 530 176 908 908 
120 120 4 259 1035 146 574 531 554 1159 362 
226 226 1198 529 138 138 1115 118 182 22 1119 
815 815 228 1361 164 623 846 1362 847 848 1363 
0 0 622 5 6 7 7 970 1364 641 761 
1365 1365 4 5 103 1366 905 10 84 85 752 
1365 1365 622 752 5 86 93 10 11 74 74 
72 72 691 752 730 1367 94 717 1368 99 99 
1369 1369 4 104 742 1066 238 1067 831 791 791 
1365 761 752 5 970 905 905 3 1172 622 75 
72 72 622 20 260 1367 1370 285 11 1371 1371 
258 258 47 1372 1373 1066 1374 1375 23 1376 1376 
72 815 47 48 615 49 50 51 52 1377 1377 
251 145 676 5 970 7 9 84 1378 4 236 
58 58 622 76 1206 1207 67 68 995 408 1379 
889 889 76 623 104 1367 1112 69 11 1380 1380 
