64 64 1 34
12 12 18 9 15 5 5 23 13 2 2 2 2 12 12 18 15 15 5 16 23 13 2 2 2 2 12 12 18 15 15 5 16 23 8 2 2 2 2 12 12 18 9 15 5 16 13 2 2 2 2 2 12 18 9 15 5 5 23 13 2 2 2 2 
12 26 12 15 15 5 5 23 13 2 2 2 2 12 12 18 15 5 5 16 23 2 2 2 2 2 12 12 18 15 15 5 16 13 13 2 2 2 2 12 12 18 9 15 5 16 13 2 2 2 2 2 12 18 18 15 15 5 23 13 2 2 2 2 
2 12 18 18 15 5 5 23 13 2 2 2 2 12 12 18 15 5 5 16 13 2 2 2 2 2 12 12 18 9 15 5 16 13 13 2 2 2 2 12 12 9 9 9 5 16 13 2 2 2 2 2 12 18 18 15 5 5 23 13 2 2 2 2 
2 12 18 18 15 5 5 23 13 2 2 2 2 2 12 18 15 5 5 16 13 2 2 2 2 2 12 12 18 15 15 5 16 13 2 2 2 2 2 12 12 18 9 15 5 16 13 2 2 2 2 2 12 18 18 15 5 5 23 13 2 2 2 2 
2 12 18 18 15 5 5 23 13 2 2 2 2 26 12 18 15 5 5 16 13 2 2 2 2 2 26 12 18 15 15 5 16 23 2 2 2 2 2 12 12 18 15 15 5 16 13 13 2 2 2 2 12 12 18 15 5 5 23 13 2 2 2 2 
34 26 18 18 15 5 16 23 2 2 2 2 2 26 12 18 15 6 5 16 13 2 2 2 2 2 12 12 18 15 6 5 16 13 2 2 2 2 2 26 12 18 15 5 5 16 13 13 2 2 2 2 34 12 18 15 5 5 23 13 2 2 2 34 
34 26 18 9 15 5 16 23 8 8 8 2 34 26 12 18 15 6 5 16 2 8 8 2 2 26 26 12 9 15 6 5 16 13 2 2 8 34 26 34 12 18 9 6 5 16 23 2 8 8 2 34 26 12 18 15 6 5 23 2 2 34 34 34 
34 26 26 18 15 5 16 13 8 8 8 34 34 26 26 18 15 6 5 23 8 8 8 8 34 26 26 12 18 15 6 5 17 13 8 8 8 8 34 26 12 18 9 6 5 16 13 8 8 8 8 34 34 12 18 15 6 16 13 8 8 8 34 34 
34 26 26 28 17 17 17 8 8 8 8 8 34 34 26 28 9 16 16 17 8 31 31 31 1 34 26 26 18 9 6 17 17 8 8 31 8 34 8 26 26 28 18 9 17 17 8 8 31 8 34 34 34 26 28 18 23 17 8 8 31 8 8 34 
34 34 26 28 28 17 8 10 33 31 31 1 1 21 26 26 17 17 17 10 10 33 31 31 31 21 26 26 28 28 17 17 10 10 31 31 31 31 34 34 34 28 28 17 17 10 10 33 31 31 1 34 8 34 28 28 17 3 10 33 33 31 31 1 
34 34 3 28 3 3 10 33 33 33 31 31 1 21 26 26 28 3 10 33 33 24 33 31 31 21 21 26 28 28 3 10 33 33 33 4 31 31 21 34 34 28 28 3 10 33 33 33 33 31 31 21 21 34 28 28 3 10 33 33 33 33 31 31 
21 21 3 3 3 10 33 30 24 24 32 4 31 21 21 3 3 3 25 30 30 24 24 4 31 31 21 21 3 3 10 10 33 30 24 24 32 4 31 21 21 21 3 3 10 33 30 24 24 4 4 21 21 21 3 3 10 33 30 24 24 24 4 31 
21 21 3 3 3 25 30 30 24 24 24 4 31 21 21 3 3 25 33 30 24 24 24 32 4 31 21 21 3 3 25 33 30 30 24 24 24 4 31 21 21 3 3 25 25 30 30 24 24 32 4 31 21 21 3 3 25 33 30 24 24 24 32 4 
21 21 3 3 25 25 30 30 24 24 32 4 4 21 21 3 3 25 25 7 24 24 24 32 4 21 21 21 3 3 25 25 30 30 24 24 32 4 4 21 21 3 22 25 25 30 24 24 24 24 4 31 8 21 3 3 25 30 30 24 24 24 24 4 
21 21 3 3 22 10 30 7 24 24 32 4 4 21 21 3 3 25 25 30 7 24 24 32 4 21 21 21 3 3 25 25 30 7 24 24 32 4 21 21 21 21 22 3 25 30 7 24 24 32 4 21 21 21 3 22 25 30 30 24 24 24 32 4 
21 20 20 20 22 25 25 7 7 7 32 4 21 21 21 20 20 22 25 7 7 7 32 7 4 21 21 21 20 22 22 25 7 7 7 32 32 4 21 21 20 20 20 22 25 7 7 7 32 32 4 21 21 21 28 22 22 25 7 7 7 32 4 4 
27 20 20 20 20 22 25 19 19 19 4 4 21 27 20 20 20 11 22 14 19 19 19 4 4 21 27 20 20 20 11 22 14 19 19 19 4 4 21 27 27 20 18 11 22 14 19 19 19 4 4 21 27 20 20 20 11 22 14 19 19 19 4 29 
27 27 20 9 9 11 22 14 14 14 14 29 21 27 12 18 9 11 11 22 14 14 14 29 29 27 27 20 18 9 11 11 22 14 14 14 14 29 27 27 27 20 9 11 11 29 14 14 14 4 29 27 27 20 18 18 11 11 29 14 14 14 29 29 
27 27 18 9 15 5 11 29 29 29 29 27 27 27 12 18 15 5 16 11 29 29 29 29 29 27 26 12 18 9 15 16 11 29 29 29 29 29 27 27 26 18 9 15 16 11 29 29 29 29 29 27 27 12 18 15 5 11 13 29 29 29 29 27 
27 12 18 9 15 5 16 13 29 29 27 27 27 27 12 18 15 15 5 16 13 29 29 27 27 27 27 12 18 9 15 5 16 13 29 29 29 2 27 27 12 18 9 15 5 11 13 29 29 29 29 2 27 12 18 15 5 16 11 29 29 29 29 27 
27 12 18 9 15 5 16 23 2 2 2 2 2 27 12 18 15 15 5 16 13 2 2 2 2 27 27 12 20 9 15 5 16 13 2 2 2 2 27 27 12 18 9 15 5 16 13 2 2 2 27 27 27 12 18 15 5 5 23 13 2 2 2 27 
12 12 18 15 15 5 16 23 2 2 2 2 27 27 12 18 15 15 5 16 13 2 2 2 2 27 12 12 18 9 15 5 16 13 2 2 2 2 2 27 12 18 9 15 5 16 13 2 2 2 2 2 27 12 18 15 5 5 23 13 2 2 2 2 
12 12 18 9 15 5 16 23 13 2 2 2 2 12 12 18 15 5 5 16 13 2 2 2 2 2 12 12 9 15 15 5 16 23 13 2 2 2 2 12 12 18 9 15 5 5 13 2 2 2 2 2 26 12 18 15 5 5 23 2 2 2 2 2 
12 12 18 15 15 5 16 23 13 2 2 2 2 12 12 18 15 5 5 16 13 2 2 2 2 2 12 12 18 15 15 5 16 13 13 2 2 2 2 12 12 18 9 15 5 16 13 13 2 2 2 2 12 12 18 15 5 5 23 13 2 2 2 2 
2 12 18 9 15 5 5 23 2 2 2 2 2 12 12 18 15 5 5 16 13 2 2 2 2 2 12 20 9 15 15 5 16 23 2 2 2 2 2 12 12 18 9 15 5 16 13 2 2 2 2 2 12 12 18 15 5 5 23 13 2 2 2 2 
2 12 18 9 15 5 5 23 2 2 2 2 2 12 12 18 15 5 5 16 13 2 2 2 2 2 12 12 18 15 15 5 16 23 13 2 2 2 2 26 12 18 15 15 5 16 23 13 2 2 2 2 26 12 18 15 5 5 23 13 2 2 2 2 
26 12 18 15 15 5 5 23 13 2 2 2 2 12 12 18 15 6 5 16 13 2 2 2 2 2 26 12 9 15 6 5 16 13 2 2 2 2 2 26 12 18 9 15 5 16 23 13 2 2 2 2 26 12 18 15 5 5 23 13 2 2 2 2 
26 12 18 9 15 5 5 23 13 2 2 34 34 26 12 18 15 6 5 16 13 2 2 2 2 2 26 12 18 15 6 5 16 13 2 8 2 2 34 34 26 18 9 15 5 16 23 2 2 2 34 2 26 26 18 15 6 5 23 13 2 2 34 2 
34 12 18 9 15 5 16 13 8 8 8 34 34 34 12 18 15 6 5 16 13 2 8 8 2 34 26 12 18 15 6 5 16 13 8 8 34 34 34 34 12 18 15 6 5 16 13 8 34 8 34 34 26 26 18 15 6 5 23 13 8 34 34 34 
34 34 18 15 6 5 17 8 8 8 8 34 34 34 12 18 9 6 16 17 8 8 8 8 8 26 34 26 18 9 6 17 17 8 8 8 8 34 34 34 26 28 18 6 16 17 8 8 8 34 34 34 34 26 18 15 6 17 17 8 8 8 8 34 
34 34 28 28 17 17 8 10 31 31 31 31 34 34 34 28 28 17 17 8 10 31 31 8 1 34 26 26 28 28 17 17 8 10 31 31 31 31 8 34 26 28 28 17 17 8 10 31 31 31 31 34 26 26 28 17 17 17 10 10 31 31 31 1 
34 34 28 28 28 8 10 33 33 33 31 31 31 34 34 28 28 28 10 10 33 33 33 31 31 31 34 26 28 28 8 8 10 33 33 33 31 31 31 26 34 28 28 28 3 10 33 33 33 31 31 31 34 26 28 28 3 10 33 33 33 33 31 31 
21 21 3 3 3 10 10 33 24 24 4 31 21 21 21 28 28 3 10 33 30 24 24 4 31 21 21 21 28 28 3 25 33 33 24 24 4 31 21 21 21 21 3 3 25 33 33 24 24 4 31 21 21 21 28 28 3 10 33 24 24 24 4 31 
21 21 3 3 3 10 33 30 24 24 24 4 31 21 21 3 3 3 25 30 24 24 24 32 4 21 21 21 3 3 3 25 30 30 24 24 24 4 31 21 21 21 21 3 10 30 30 24 24 32 4 31 21 21 3 3 10 33 30 24 24 24 4 4 
21 21 3 3 3 25 30 30 24 24 24 4 4 21 21 3 22 25 25 30 24 24 24 32 4 21 21 21 3 3 25 25 30 30 24 24 24 4 4 21 21 21 3 25 25 30 30 24 24 24 4 4 21 21 3 3 25 30 30 24 24 24 32 4 
21 21 20 3 3 25 30 30 24 24 24 4 4 21 21 3 3 25 25 30 7 24 24 32 4 21 21 21 3 3 25 25 30 7 24 24 32 4 4 21 21 3 3 25 25 30 30 24 24 32 4 4 21 21 3 3 25 30 30 24 24 24 32 4 
21 20 20 20 22 25 7 7 7 24 32 4 21 21 27 20 22 22 25 7 30 7 24 19 4 21 21 21 20 22 22 25 7 7 7 24 32 4 4 21 21 20 22 22 25 7 7 24 24 32 4 4 21 21 3 22 25 25 7 7 7 32 32 4 
27 20 20 20 20 22 25 7 7 19 32 4 21 27 20 20 20 20 22 14 7 19 19 4 4 21 27 20 20 20 20 22 14 19 19 19 4 4 21 27 20 20 20 20 22 25 19 19 32 4 4 21 27 27 20 20 22 25 14 7 32 32 4 4 
27 27 20 9 9 16 22 14 14 14 14 29 27 27 20 20 18 11 11 22 14 14 14 4 29 27 27 12 18 9 11 11 22 14 14 14 14 29 27 27 20 20 9 11 11 22 14 14 14 4 29 29 27 20 12 9 11 11 29 14 14 4 29 29 
27 12 18 18 15 5 11 29 29 29 29 29 27 27 12 18 9 5 11 11 29 29 29 29 2 27 27 12 18 9 15 16 11 29 29 29 29 29 27 27 12 18 9 15 5 11 29 29 29 29 29 27 27 20 9 15 5 11 20 29 29 29 29 27 
27 12 18 9 15 5 16 11 29 29 27 27 27 2 12 18 15 5 5 11 13 2 29 27 27 27 27 12 18 15 15 5 16 13 29 29 29 27 2 27 12 18 9 15 5 16 13 29 29 29 27 27 27 12 18 15 5 5 11 13 29 29 29 27 
27 12 18 9 15 5 16 23 2 2 29 2 27 27 12 18 15 5 5 16 13 2 2 2 27 27 27 12 18 15 15 5 16 13 13 2 2 2 27 27 26 18 9 15 5 16 13 13 29 29 2 27 27 12 18 15 5 5 16 13 2 2 2 27 
2 26 18 18 15 5 16 23 2 2 2 2 2 27 12 18 15 5 5 16 13 2 2 2 2 2 12 12 18 15 15 5 16 23 13 2 2 2 2 27 12 18 15 15 5 16 13 13 2 2 2 2 27 12 18 15 5 5 16 13 2 2 2 2 
2 12 18 18 15 5 5 23 2 2 2 2 2 26 12 18 15 5 5 16 13 2 2 2 2 2 12 12 18 15 15 5 16 13 13 2 2 2 2 2 12 18 15 15 5 16 23 13 2 2 2 2 12 12 18 15 5 5 16 13 2 2 2 2 
2 12 18 9 15 5 5 23 13 2 2 2 2 12 12 18 15 5 5 16 13 2 2 2 2 2 12 12 18 15 15 5 16 13 13 2 2 2 2 2 12 18 9 15 5 16 13 13 2 2 2 2 12 12 9 15 5 5 16 13 2 2 2 2 
12 12 18 15 15 5 5 23 2 2 2 2 2 12 26 18 15 5 5 16 13 2 2 2 2 2 12 12 18 15 15 5 16 23 13 2 2 2 2 2 12 18 18 15 5 16 23 13 2 2 2 2 12 12 9 15 5 5 16 13 2 2 2 2 
12 12 18 9 15 6 5 23 13 2 2 2 2 12 12 18 15 5 5 16 13 2 2 2 2 2 12 12 18 15 15 5 23 13 13 2 2 2 2 26 12 18 9 15 5 16 13 13 2 2 2 2 12 12 9 15 5 5 16 2 2 2 2 2 
2 12 18 15 15 5 5 23 2 2 2 2 2 12 12 18 15 5 5 16 13 2 2 2 2 2 26 12 18 15 15 5 16 13 13 2 2 2 2 26 12 18 9 15 5 16 23 13 2 2 2 2 12 12 9 15 6 5 16 13 2 2 2 2 
26 26 18 9 15 5 5 23 13 2 2 34 34 34 12 18 15 6 5 16 2 2 8 34 34 34 34 12 18 15 15 5 16 23 13 8 2 34 34 34 26 12 9 15 5 16 23 2 2 2 34 34 12 12 18 6 5 5 5 13 2 2 2 34 
34 26 18 9 15 5 16 23 8 34 8 2 34 2 12 18 15 6 16 23 8 8 8 34 34 34 34 12 18 15 6 5 17 23 8 34 8 34 34 26 26 18 9 6 5 16 23 2 34 8 34 34 26 12 18 15 6 5 17 13 2 8 34 34 
34 26 26 18 15 5 17 17 8 31 34 34 34 34 34 18 9 6 16 17 8 8 8 8 34 34 26 12 18 9 6 16 17 8 8 26 8 34 34 34 34 18 9 6 5 17 17 8 8 8 34 26 34 12 12 15 6 16 17 34 8 8 8 34 
34 26 28 28 17 17 17 8 31 31 31 1 26 34 34 28 28 17 17 8 10 31 31 31 34 21 34 28 28 17 17 17 8 10 31 31 31 31 34 34 34 28 18 17 17 17 8 31 31 31 34 34 34 26 12 18 17 28 8 10 31 31 31 1 
34 34 28 28 28 17 10 10 33 10 31 31 1 34 34 28 28 17 3 10 25 33 33 31 31 34 34 34 28 17 17 3 10 33 33 33 31 31 31 34 34 34 28 17 3 10 33 33 33 31 31 34 34 26 28 28 28 3 10 33 33 31 31 31 
21 21 28 28 3 10 33 33 24 24 4 31 31 21 21 3 3 3 10 24 30 24 24 4 31 21 21 21 21 3 3 25 33 30 24 24 4 31 31 21 34 21 26 3 10 33 24 24 24 4 31 21 34 21 21 3 3 10 33 24 24 24 4 31 
21 21 3 3 3 10 33 7 24 24 24 4 31 21 21 3 3 25 25 30 30 24 24 32 4 31 21 21 3 3 3 25 33 30 24 24 24 4 31 21 21 3 3 3 33 30 30 24 24 32 4 21 21 21 3 3 25 33 30 24 24 24 32 4 
21 21 3 3 3 25 30 24 24 24 24 4 31 21 21 3 3 25 33 30 24 24 24 32 31 21 21 21 3 3 25 25 30 30 24 24 24 4 4 21 21 3 3 3 25 30 30 24 24 32 4 31 1 21 21 3 25 7 7 24 24 24 32 4 
21 21 3 3 22 25 30 30 24 24 32 4 21 21 21 3 3 25 25 30 24 24 24 24 4 21 21 21 3 3 22 25 30 7 24 24 24 4 4 21 21 3 3 22 10 30 7 24 24 32 4 4 21 21 3 3 25 30 7 24 24 24 32 4 
21 21 20 20 22 25 10 7 7 24 32 4 21 21 21 21 22 22 25 30 7 24 24 32 4 21 21 21 21 3 22 25 7 7 7 24 32 4 4 21 21 20 22 22 3 7 7 7 24 32 4 21 21 21 20 22 22 25 7 30 7 32 32 4 
27 20 20 20 20 22 25 30 32 32 4 4 21 27 27 20 20 22 22 14 7 7 7 4 4 21 27 27 20 20 22 22 14 7 7 19 32 4 21 27 27 20 20 29 22 25 19 19 19 4 4 21 27 27 20 20 22 22 14 7 19 32 4 21 
27 20 20 9 9 11 22 14 14 14 4 29 29 27 20 20 9 16 22 25 14 19 14 4 29 27 27 20 20 18 11 11 22 14 14 14 14 29 27 27 20 20 9 11 11 22 14 14 14 4 29 27 27 20 18 9 11 11 29 14 14 4 29 29 
27 27 18 9 15 16 11 29 29 29 29 29 27 27 20 18 9 5 16 11 29 14 14 29 27 27 27 20 18 9 5 11 11 29 29 29 29 29 27 27 27 18 9 5 5 11 29 29 29 29 29 27 27 20 12 9 15 16 11 29 29 29 29 27 
27 12 18 18 15 5 16 2 29 29 29 29 27 27 12 18 15 15 5 11 29 27 29 29 27 27 27 12 9 15 15 5 11 13 29 29 29 29 27 27 12 18 9 15 5 11 23 29 29 29 27 27 27 20 18 15 6 5 11 13 29 29 29 27 
27 12 18 9 15 5 16 12 2 2 2 27 27 27 26 18 15 15 5 16 13 29 29 2 2 27 27 12 18 15 15 5 16 23 13 29 29 27 27 27 12 18 9 15 5 16 23 13 29 29 27 27 12 20 9 15 5 5 16 13 2 2 2 27 
27 12 18 18 15 5 5 23 2 2 2 2 27 27 12 18 15 15 5 16 2 2 2 2 2 27 12 12 9 15 15 5 16 16 13 2 2 2 27 27 27 18 9 15 5 16 23 13 2 2 2 27 12 12 9 15 5 5 13 13 2 2 2 2 
